service_id,date,exception_type
201_merged_1252246,20200505,1
201_merged_1252246,20200504,1
201_merged_1252246,20200507,1
201_merged_1252246,20200506,1
201_merged_1252246,20200501,1
201_merged_1252246,20200427,1
201_merged_1252246,20200424,1
201_merged_1252246,20200417,1
201_merged_1252246,20200416,1
201_merged_1252246,20200415,1
201_merged_1252246,20200429,1
201_merged_1252246,20200413,1
201_merged_1252246,20200508,1
201_merged_1252246,20200428,1
201_merged_1252246,20200422,1
201_merged_1252246,20200414,1
201_merged_1252246,20200423,1
201_merged_1252246,20200420,1
201_merged_1252246,20200421,1
201_merged_1252246,20200430,1
5102_merged_1252161,20200307,1
6201_merged_1252230,20200605,1
6201_merged_1252230,20200602,1
6201_merged_1252230,20200603,1
6201_merged_1252230,20200529,1
6201_merged_1252230,20200528,1
6201_merged_1252230,20200527,1
6201_merged_1252230,20200526,1
6201_merged_1252230,20200522,1
6201_merged_1252230,20200521,1
6201_merged_1252230,20200520,1
6201_merged_1252230,20200611,1
6201_merged_1252230,20200610,1
6201_merged_1252230,20200612,1
6201_merged_1252230,20200615,1
6201_merged_1252230,20200617,1
6201_merged_1252230,20200616,1
6201_merged_1252230,20200619,1
6201_merged_1252230,20200618,1
6201_merged_1252230,20200512,1
6201_merged_1252230,20200513,1
6201_merged_1252230,20200511,1
6201_merged_1252230,20200514,1
6201_merged_1252230,20200515,1
6201_merged_1252230,20200518,1
6201_merged_1252230,20200519,1
6201_merged_1252230,20200608,1
6201_merged_1252230,20200609,1
6201_merged_1252230,20200604,1
6201_merged_1252230,20200623,1
6201_merged_1252230,20200624,1
6201_merged_1252230,20200625,1
6201_merged_1252230,20200626,1
6201_merged_1252230,20200601,1
6201_merged_1252230,20200622,1
53401,20200303,1
53401,20200302,1
53401,20200312,1
53401,20200313,1
53401,20200306,1
53401,20200305,1
53401,20200304,1
53401,20200318,1
53401,20200319,1
53401,20200309,1
53401,20200317,1
53401,20200316,1
53401,20200310,1
53401,20200320,1
1701_merged_1252116,20200313,1
1701_merged_1252116,20200306,1
51501_merged_1252145,20200326,1
51501_merged_1252145,20200408,1
51501_merged_1252145,20200409,1
51501_merged_1252145,20200406,1
51501_merged_1252145,20200407,1
51501_merged_1252145,20200325,1
51501_merged_1252145,20200401,1
51501_merged_1252145,20200402,1
51501_merged_1252145,20200410,1
51501_merged_1252145,20200311,1
51501_merged_1252145,20200330,1
51501_merged_1252145,20200331,1
51501_merged_1252145,20200324,1
51501_merged_1252145,20200323,1
51501_merged_1252145,20200327,1
51501_merged_1252145,20200403,1
5101_merged_1252162,20200313,1
5101_merged_1252162,20200306,1
157602_merged_1252228,20200620,1
157602_merged_1252228,20200613,1
157602_merged_1252228,20200606,1
157602_merged_1252228,20200530,1
157602_merged_1252228,20200523,1
157602_merged_1252228,20200627,1
24402_merged_1252178,20200404,1
24402_merged_1252178,20200411,1
1_merged_1252244,20200525,2
51501_merged_1252218,20200423,1
51501_merged_1252218,20200605,1
51501_merged_1252218,20200424,1
51501_merged_1252218,20200602,1
51501_merged_1252218,20200625,1
51501_merged_1252218,20200505,1
51501_merged_1252218,20200504,1
51501_merged_1252218,20200507,1
51501_merged_1252218,20200506,1
51501_merged_1252218,20200501,1
51501_merged_1252218,20200427,1
51501_merged_1252218,20200529,1
51501_merged_1252218,20200528,1
51501_merged_1252218,20200527,1
51501_merged_1252218,20200526,1
51501_merged_1252218,20200428,1
51501_merged_1252218,20200429,1
51501_merged_1252218,20200508,1
51501_merged_1252218,20200521,1
51501_merged_1252218,20200520,1
51501_merged_1252218,20200611,1
51501_merged_1252218,20200610,1
51501_merged_1252218,20200626,1
51501_merged_1252218,20200414,1
51501_merged_1252218,20200615,1
51501_merged_1252218,20200617,1
51501_merged_1252218,20200616,1
51501_merged_1252218,20200619,1
51501_merged_1252218,20200618,1
51501_merged_1252218,20200522,1
51501_merged_1252218,20200612,1
51501_merged_1252218,20200415,1
51501_merged_1252218,20200512,1
51501_merged_1252218,20200513,1
51501_merged_1252218,20200511,1
51501_merged_1252218,20200430,1
51501_merged_1252218,20200514,1
51501_merged_1252218,20200515,1
51501_merged_1252218,20200417,1
51501_merged_1252218,20200416,1
51501_merged_1252218,20200518,1
51501_merged_1252218,20200519,1
51501_merged_1252218,20200413,1
51501_merged_1252218,20200422,1
51501_merged_1252218,20200608,1
51501_merged_1252218,20200609,1
51501_merged_1252218,20200622,1
51501_merged_1252218,20200623,1
51501_merged_1252218,20200624,1
51501_merged_1252218,20200603,1
51501_merged_1252218,20200420,1
51501_merged_1252218,20200601,1
51501_merged_1252218,20200421,1
51501_merged_1252218,20200604,1
50101_merged_1252131,20200303,1
50101_merged_1252131,20200302,1
50101_merged_1252131,20200312,1
50101_merged_1252131,20200305,1
50101_merged_1252131,20200304,1
50101_merged_1252131,20200309,1
50101_merged_1252131,20200311,1
50101_merged_1252131,20200310,1
75301,20200303,1
75301,20200302,1
75301,20200312,1
75301,20200305,1
75301,20200316,1
75301,20200304,1
75301,20200318,1
75301,20200319,1
75301,20200309,1
75301,20200317,1
75301,20200310,1
24203_merged_1252137,20200329,1
24203_merged_1252137,20200322,1
24203_merged_1252137,20200308,1
24203_merged_1252137,20200315,1
24202_merged_1252138,20200321,1
24202_merged_1252138,20200307,1
24202_merged_1252138,20200314,1
24202_merged_1252138,20200328,1
202_merged_1252249,20200418,1
202_merged_1252249,20200502,1
202_merged_1252249,20200509,1
202_merged_1252249,20200425,1
53001,20200303,1
53001,20200302,1
53001,20200312,1
53001,20200313,1
53001,20200306,1
53001,20200305,1
53001,20200304,1
53001,20200318,1
53001,20200319,1
53001,20200309,1
53001,20200317,1
53001,20200316,1
53001,20200310,1
53001,20200320,1
50301_merged_1252166,20200302,1
50301_merged_1252166,20200309,1
50301_merged_1252166,20200304,1
50301_merged_1252166,20200311,1
22101_merged_1252122,20200313,1
22101_merged_1252122,20200306,1
22101_merged_1252122,20200320,1
22101_merged_1252122,20200410,1
22101_merged_1252122,20200327,1
22101_merged_1252122,20200403,1
115101,20200303,1
115101,20200302,1
115101,20200312,1
115101,20200313,1
115101,20200306,1
115101,20200305,1
115101,20200304,1
115101,20200318,1
115101,20200319,1
115101,20200309,1
115101,20200317,1
115101,20200316,1
115101,20200310,1
115101,20200320,1
155401_merged_1252197,20200610,1
155401_merged_1252197,20200513,1
155401_merged_1252197,20200527,1
155401_merged_1252197,20200415,1
155401_merged_1252197,20200429,1
155401_merged_1252197,20200624,1
3103_merged_1252170,20200308,1
22401_merged_1252198,20200611,1
22401_merged_1252198,20200618,1
22401_merged_1252198,20200604,1
22401_merged_1252198,20200625,1
22401_merged_1252198,20200423,1
22401_merged_1252198,20200507,1
22401_merged_1252198,20200430,1
22401_merged_1252198,20200514,1
22401_merged_1252198,20200528,1
22401_merged_1252198,20200416,1
22401_merged_1252198,20200521,1
27301,20200303,1
27301,20200302,1
27301,20200312,1
27301,20200313,1
27301,20200306,1
27301,20200305,1
27301,20200304,1
27301,20200318,1
27301,20200319,1
27301,20200309,1
27301,20200317,1
27301,20200311,1
27301,20200310,1
27301,20200316,1
27301,20200320,1
53201,20200303,1
53201,20200302,1
53201,20200312,1
53201,20200313,1
53201,20200306,1
53201,20200305,1
53201,20200304,1
53201,20200318,1
53201,20200319,1
53201,20200309,1
53201,20200317,1
53201,20200316,1
53201,20200310,1
53201,20200320,1
157603_merged_1252227,20200628,1
157603_merged_1252227,20200614,1
157603_merged_1252227,20200621,1
157603_merged_1252227,20200607,1
157603_merged_1252227,20200524,1
157603_merged_1252227,20200531,1
157605_merged_1252226,20200525,1
155401_merged_1252124,20200318,1
155401_merged_1252124,20200401,1
155401_merged_1252124,20200304,1
125101,20200303,1
125101,20200302,1
125101,20200312,1
125101,20200313,1
125101,20200306,1
125101,20200305,1
125101,20200304,1
125101,20200318,1
125101,20200319,1
125101,20200309,1
125101,20200317,1
125101,20200316,1
125101,20200310,1
125101,20200320,1
201_merged_1252173,20200330,1
201_merged_1252173,20200331,1
201_merged_1252173,20200403,1
201_merged_1252173,20200408,1
201_merged_1252173,20200409,1
201_merged_1252173,20200406,1
201_merged_1252173,20200407,1
201_merged_1252173,20200401,1
201_merged_1252173,20200402,1
201_merged_1252173,20200410,1
22201_merged_1252233,20200610,1
22201_merged_1252233,20200617,1
22201_merged_1252233,20200624,1
22201_merged_1252233,20200603,1
22201_merged_1252233,20200422,1
22201_merged_1252233,20200513,1
22201_merged_1252233,20200506,1
22201_merged_1252233,20200527,1
22201_merged_1252233,20200415,1
22201_merged_1252233,20200429,1
22201_merged_1252233,20200520,1
50201_merged_1252149,20200303,1
50201_merged_1252149,20200310,1
50201_merged_1252149,20200312,1
50201_merged_1252149,20200305,1
203_merged_1252175,20200329,1
203_merged_1252175,20200405,1
203_merged_1252175,20200322,1
203_merged_1252175,20200315,1
203_merged_1252175,20200412,1
22301_merged_1252208,20200505,1
22301_merged_1252208,20200623,1
22301_merged_1252208,20200609,1
22301_merged_1252208,20200414,1
22301_merged_1252208,20200616,1
22301_merged_1252208,20200602,1
22301_merged_1252208,20200512,1
22301_merged_1252208,20200421,1
22301_merged_1252208,20200526,1
22301_merged_1252208,20200428,1
22301_merged_1252208,20200519,1
22401_merged_1252125,20200312,1
22401_merged_1252125,20200409,1
22401_merged_1252125,20200305,1
22401_merged_1252125,20200319,1
22401_merged_1252125,20200402,1
22401_merged_1252125,20200326,1
143401_merged_1252126,20200311,1
143401_merged_1252126,20200304,1
24401_merged_1252179,20200330,1
24401_merged_1252179,20200331,1
24401_merged_1252179,20200403,1
24401_merged_1252179,20200408,1
24401_merged_1252179,20200409,1
24401_merged_1252179,20200406,1
24401_merged_1252179,20200407,1
24401_merged_1252179,20200401,1
24401_merged_1252179,20200402,1
24401_merged_1252179,20200410,1
202_merged_1252176,20200321,1
202_merged_1252176,20200328,1
202_merged_1252176,20200404,1
202_merged_1252176,20200411,1
22201_merged_1252160,20200311,1
22201_merged_1252160,20200408,1
22201_merged_1252160,20200304,1
22201_merged_1252160,20200318,1
22201_merged_1252160,20200325,1
22201_merged_1252160,20200401,1
3102_merged_1252169,20200307,1
177501,20200303,1
177501,20200302,1
177501,20200312,1
177501,20200313,1
177501,20200306,1
177501,20200305,1
177501,20200304,1
177501,20200318,1
177501,20200319,1
177501,20200309,1
177501,20200317,1
177501,20200316,1
177501,20200310,1
177501,20200320,1
52901,20200303,1
52901,20200302,1
52901,20200312,1
52901,20200313,1
52901,20200306,1
52901,20200305,1
52901,20200304,1
52901,20200318,1
52901,20200319,1
52901,20200309,1
52901,20200317,1
52901,20200316,1
52901,20200310,1
52901,20200320,1
22101_merged_1252195,20200612,1
22101_merged_1252195,20200424,1
22101_merged_1252195,20200619,1
22101_merged_1252195,20200605,1
22101_merged_1252195,20200626,1
22101_merged_1252195,20200522,1
22101_merged_1252195,20200501,1
22101_merged_1252195,20200529,1
22101_merged_1252195,20200515,1
22101_merged_1252195,20200417,1
22101_merged_1252195,20200508,1
3601,20200303,1
3601,20200302,1
3601,20200312,1
3601,20200313,1
3601,20200306,1
3601,20200305,1
3601,20200304,1
3601,20200318,1
3601,20200319,1
3601,20200309,1
3601,20200317,1
3601,20200316,1
3601,20200310,1
3601,20200320,1
22301_merged_1252135,20200303,1
22301_merged_1252135,20200310,1
22301_merged_1252135,20200407,1
22301_merged_1252135,20200331,1
22301_merged_1252135,20200317,1
22301_merged_1252135,20200324,1
24402_merged_1252251,20200613,1
24402_merged_1252251,20200425,1
24402_merged_1252251,20200606,1
24402_merged_1252251,20200530,1
24402_merged_1252251,20200418,1
24402_merged_1252251,20200627,1
24402_merged_1252251,20200620,1
24402_merged_1252251,20200516,1
24402_merged_1252251,20200502,1
24402_merged_1252251,20200523,1
24402_merged_1252251,20200509,1
115701_merged_1252115,20200303,1
115701_merged_1252115,20200302,1
115701_merged_1252115,20200312,1
115701_merged_1252115,20200313,1
115701_merged_1252115,20200306,1
115701_merged_1252115,20200305,1
115701_merged_1252115,20200304,1
115701_merged_1252115,20200309,1
115701_merged_1252115,20200311,1
115701_merged_1252115,20200310,1
115701_merged_1252115,20200323,1
115701_merged_1252115,20200325,1
115701_merged_1252115,20200324,1
115701_merged_1252115,20200327,1
115701_merged_1252115,20200326,1
24201_merged_1252136,20200310,1
24201_merged_1252136,20200311,1
24201_merged_1252136,20200320,1
24201_merged_1252136,20200323,1
24201_merged_1252136,20200325,1
24201_merged_1252136,20200324,1
24201_merged_1252136,20200327,1
24201_merged_1252136,20200326,1
24201_merged_1252136,20200303,1
24201_merged_1252136,20200302,1
24201_merged_1252136,20200312,1
24201_merged_1252136,20200313,1
24201_merged_1252136,20200306,1
24201_merged_1252136,20200305,1
24201_merged_1252136,20200304,1
24201_merged_1252136,20200318,1
24201_merged_1252136,20200319,1
24201_merged_1252136,20200309,1
24201_merged_1252136,20200317,1
24201_merged_1252136,20200316,1
156501,20200303,1
156501,20200302,1
156501,20200312,1
156501,20200313,1
156501,20200306,1
156501,20200305,1
156501,20200304,1
156501,20200318,1
156501,20200319,1
156501,20200309,1
156501,20200317,1
156501,20200316,1
156501,20200310,1
156501,20200320,1
3402_merged_1252114,20200307,1
35002_merged_1252183,20200314,1
53501,20200303,1
53501,20200302,1
53501,20200312,1
53501,20200313,1
53501,20200306,1
53501,20200305,1
53501,20200304,1
53501,20200318,1
53501,20200319,1
53501,20200309,1
53501,20200317,1
53501,20200316,1
53501,20200310,1
53501,20200320,1
24401_merged_1252252,20200423,1
24401_merged_1252252,20200605,1
24401_merged_1252252,20200424,1
24401_merged_1252252,20200602,1
24401_merged_1252252,20200625,1
24401_merged_1252252,20200505,1
24401_merged_1252252,20200504,1
24401_merged_1252252,20200507,1
24401_merged_1252252,20200506,1
24401_merged_1252252,20200501,1
24401_merged_1252252,20200427,1
24401_merged_1252252,20200529,1
24401_merged_1252252,20200528,1
24401_merged_1252252,20200527,1
24401_merged_1252252,20200526,1
24401_merged_1252252,20200428,1
24401_merged_1252252,20200429,1
24401_merged_1252252,20200508,1
24401_merged_1252252,20200521,1
24401_merged_1252252,20200520,1
24401_merged_1252252,20200611,1
24401_merged_1252252,20200610,1
24401_merged_1252252,20200626,1
24401_merged_1252252,20200414,1
24401_merged_1252252,20200615,1
24401_merged_1252252,20200617,1
24401_merged_1252252,20200616,1
24401_merged_1252252,20200619,1
24401_merged_1252252,20200618,1
24401_merged_1252252,20200522,1
24401_merged_1252252,20200612,1
24401_merged_1252252,20200415,1
24401_merged_1252252,20200512,1
24401_merged_1252252,20200513,1
24401_merged_1252252,20200511,1
24401_merged_1252252,20200430,1
24401_merged_1252252,20200514,1
24401_merged_1252252,20200515,1
24401_merged_1252252,20200417,1
24401_merged_1252252,20200416,1
24401_merged_1252252,20200518,1
24401_merged_1252252,20200519,1
24401_merged_1252252,20200413,1
24401_merged_1252252,20200422,1
24401_merged_1252252,20200608,1
24401_merged_1252252,20200609,1
24401_merged_1252252,20200622,1
24401_merged_1252252,20200623,1
24401_merged_1252252,20200624,1
24401_merged_1252252,20200603,1
24401_merged_1252252,20200420,1
24401_merged_1252252,20200601,1
24401_merged_1252252,20200421,1
24401_merged_1252252,20200604,1
179101,20200303,1
179101,20200302,1
179101,20200312,1
179101,20200313,1
179101,20200306,1
179101,20200305,1
179101,20200304,1
179101,20200318,1
179101,20200319,1
179101,20200309,1
179101,20200317,1
179101,20200316,1
179101,20200310,1
179101,20200320,1
1901_merged_1252152,20200318,1
1901_merged_1252152,20200319,1
1901_merged_1252152,20200317,1
1901_merged_1252152,20200316,1
1901_merged_1252152,20200320,1
3101_merged_1252168,20200303,1
3101_merged_1252168,20200302,1
3101_merged_1252168,20200312,1
3101_merged_1252168,20200313,1
3101_merged_1252168,20200306,1
3101_merged_1252168,20200305,1
3101_merged_1252168,20200304,1
3101_merged_1252168,20200309,1
3101_merged_1252168,20200311,1
3101_merged_1252168,20200310,1
3101_merged_1252168,20200323,1
3101_merged_1252168,20200325,1
3101_merged_1252168,20200324,1
3101_merged_1252168,20200327,1
3101_merged_1252168,20200326,1
4501,20200303,1
4501,20200302,1
4501,20200312,1
4501,20200313,1
4501,20200306,1
4501,20200305,1
4501,20200304,1
4501,20200309,1
4501,20200311,1
4501,20200310,1
126401_merged_1252121,20200302,1
126401_merged_1252121,20200309,1
3401_merged_1252113,20200313,1
3401_merged_1252113,20200306,1
3701_merged_1252177,20200303,1
3701_merged_1252177,20200302,1
3701_merged_1252177,20200312,1
3701_merged_1252177,20200313,1
3701_merged_1252177,20200306,1
3701_merged_1252177,20200305,1
3701_merged_1252177,20200304,1
3701_merged_1252177,20200318,1
3701_merged_1252177,20200319,1
3701_merged_1252177,20200309,1
3701_merged_1252177,20200317,1
3701_merged_1252177,20200316,1
3701_merged_1252177,20200310,1
3701_merged_1252177,20200320,1
203_merged_1252248,20200510,1
203_merged_1252248,20200426,1
203_merged_1252248,20200419,1
203_merged_1252248,20200503,1
53101,20200303,1
53101,20200302,1
53101,20200312,1
53101,20200313,1
53101,20200306,1
53101,20200305,1
53101,20200304,1
53101,20200318,1
53101,20200319,1
53101,20200309,1
53101,20200317,1
53101,20200316,1
53101,20200310,1
53101,20200320,1
5_merged_1252245,20200525,1
