service_id,monday,tuesday,wednesday,thursday,friday,saturday,sunday,start_date,end_date
1298323,1,1,1,1,1,0,0,20180804,20180831
1298325,1,1,1,1,1,0,0,20180904,20190904
1298329,1,1,1,1,1,0,0,20180804,20180831
1298331,1,1,1,1,1,0,0,20180904,20190904
1298332,1,1,1,1,1,0,0,20180804,20180831
1298334,1,1,1,1,1,0,0,20180904,20190904
1298326,1,1,1,1,1,0,0,20180804,20180831
1298328,1,1,1,1,1,0,0,20180904,20190904
1298335,1,1,1,1,1,0,0,20180804,20180831
1298337,1,1,1,1,1,0,0,20180904,20190904
1295924,1,1,1,1,1,0,0,20180804,20180831
1268703,1,1,1,1,1,0,0,20180904,20181116
1280774,1,1,1,0,0,0,0,20181119,20181121
1280776,1,1,1,1,1,0,0,20181126,20191126
1295962,1,1,1,1,1,0,0,20180804,20180831
1295964,1,1,1,1,1,0,0,20180904,20181116
1295965,1,1,1,0,0,0,0,20181119,20181121
1295967,1,1,1,1,1,0,0,20181126,20191126
1295925,1,1,1,1,1,0,0,20180804,20180831
1280779,1,1,1,1,1,0,0,20180904,20181116
1280780,1,1,1,0,0,0,0,20181119,20181121
1280782,1,1,1,1,1,0,0,20181126,20191126
1295968,1,1,1,1,1,0,0,20180804,20180831
1295970,1,1,1,1,1,0,0,20180904,20181116
1295971,1,1,1,0,0,0,0,20181119,20181121
1295973,1,1,1,1,1,0,0,20181126,20191126
1281530,0,0,0,0,1,0,0,20181123,20181123
1295974,1,1,1,1,1,0,0,20180804,20180831
1295976,1,1,1,1,1,0,0,20180904,20181116
1295977,1,1,1,0,0,0,0,20181119,20181121
1295979,1,1,1,1,1,0,0,20181123,20191123
1295926,1,1,1,1,1,0,0,20180804,20180831
1280785,1,1,1,1,1,0,0,20180904,20181116
1280786,1,1,0,0,0,0,0,20181119,20181120
1280789,1,1,1,1,1,0,0,20181126,20191126
1295980,1,1,1,1,1,0,0,20180804,20180831
1295982,1,1,1,1,1,0,0,20180904,20181116
1295983,1,1,1,0,0,0,0,20181119,20181121
1295985,1,1,1,1,1,0,0,20181126,20191126
1295953,1,1,1,1,1,0,0,20180804,20180831
1295955,1,1,1,1,1,0,0,20180904,20181116
1295956,1,1,1,0,0,0,0,20181119,20181121
1295958,1,1,1,1,1,0,0,20181126,20191126
1295991,1,1,1,1,1,0,0,20180804,20180831
1295987,1,1,1,1,1,0,0,20180904,20181116
1295988,1,1,0,0,0,0,0,20181119,20181120
1295990,1,1,1,1,1,0,0,20181126,20191126
1295927,1,1,1,1,1,0,0,20180804,20180831
1287241,1,1,1,1,1,0,0,20180904,20181116
1287242,1,0,0,0,0,0,0,20181119,20181119
1287245,1,1,1,1,1,0,0,20181127,20191127
1295941,1,1,1,1,1,0,0,20180804,20180831
1268753,1,1,1,1,1,0,0,20180904,20181116
1281551,1,1,1,0,0,0,0,20181119,20181121
1281553,1,1,1,1,1,0,0,20181123,20191123
1295928,1,1,1,1,1,0,0,20180804,20180831
1295930,1,1,1,1,1,0,0,20180904,20181116
1295931,1,1,1,0,0,0,0,20181119,20181121
1295934,1,1,1,1,1,0,0,20181126,20191126
1295942,1,1,1,1,1,0,0,20180804,20180831
1295944,1,1,1,1,1,0,0,20180904,20181116
1295945,1,1,1,0,0,0,0,20181119,20181121
1295947,1,1,1,1,1,0,0,20181126,20191126
1295894,1,1,1,1,1,0,0,20180804,20180831
1280724,1,1,1,1,1,0,0,20180904,20181116
1280725,1,1,1,0,0,0,0,20181119,20181121
1280727,1,1,1,1,1,0,0,20181126,20191126
1296051,1,1,1,1,1,0,0,20180804,20180831
1296053,1,1,1,1,1,0,0,20180904,20181116
1296054,1,1,1,0,0,0,0,20181119,20181121
1296056,1,1,1,1,1,0,0,20181123,20191123
1295997,1,1,1,1,1,0,0,20180804,20180831
1295999,1,1,1,1,1,0,0,20180904,20181116
1296000,1,1,1,0,0,0,0,20181119,20181121
1296002,1,1,1,1,1,0,0,20181126,20191126
1295908,1,1,1,1,1,0,0,20180804,20180831
1268818,1,1,1,1,1,0,0,20180904,20181116
1280747,1,1,1,0,0,0,0,20181119,20181121
1280748,1,1,1,1,1,0,0,20181123,20191123
1296003,1,1,1,1,1,0,0,20180804,20180831
1296005,1,1,1,1,1,0,0,20180904,20181116
1296006,1,1,1,0,0,0,0,20181119,20181121
1296008,1,1,1,1,1,0,0,20181123,20191123
1295909,1,1,1,1,1,0,0,20180804,20180831
1268824,1,1,1,1,1,0,0,20180904,20181116
1280751,1,1,1,0,0,0,0,20181119,20181121
1280753,1,1,1,1,1,0,0,20181123,20191123
1296014,1,1,1,1,1,0,0,20180804,20180831
1296010,1,1,1,1,1,0,0,20180904,20181116
1296011,1,1,1,0,0,0,0,20181119,20181121
1296013,1,1,1,1,1,0,0,20181123,20191123
1295910,1,1,1,1,1,0,0,20180804,20180831
1280756,1,1,1,1,1,0,0,20180904,20181116
1280757,1,1,1,0,0,0,0,20181119,20181121
1280760,1,1,1,1,1,0,0,20181126,20191126
1251932,0,0,1,0,0,0,0,20181121,20181121
1281518,0,0,1,0,0,0,0,20181121,20181121
1296057,1,1,1,1,1,0,0,20180804,20180831
1296059,1,1,1,1,1,0,0,20180904,20181116
1296060,1,1,1,0,0,0,0,20181119,20181121
1296062,1,1,1,1,1,0,0,20181123,20191123
1295895,1,1,1,1,1,0,0,20180804,20180831
1268800,1,1,1,1,1,0,0,20180904,20181116
1280729,1,1,1,0,0,0,0,20181119,20181121
1280731,1,1,1,1,1,0,0,20181123,20191123
1296063,1,1,1,1,1,0,0,20180804,20180831
1296065,1,1,1,1,1,0,0,20180904,20181116
1296066,1,1,1,0,0,0,0,20181119,20181121
1296068,1,1,1,1,1,0,0,20181126,20191126
1295896,1,1,1,1,1,0,0,20180804,20180831
1295898,1,1,1,1,1,0,0,20180904,20181116
1295899,1,1,1,0,0,0,0,20181119,20181121
1295901,1,1,1,1,1,0,0,20181126,20191126
1296073,1,1,1,1,1,0,0,20180804,20180831
1296069,1,1,1,1,1,0,0,20180904,20181116
1296070,1,1,1,0,0,0,0,20181119,20181121
1296072,1,1,1,1,1,0,0,20181123,20191123
1295902,1,1,1,1,1,0,0,20180804,20180831
1295904,1,1,1,1,1,0,0,20180904,20181116
1295905,1,1,1,0,0,0,0,20181119,20181121
1295907,1,1,1,1,1,0,0,20181123,20191123
1295911,1,1,1,1,1,0,0,20180804,20180831
1268836,1,1,1,1,1,0,0,20180904,20181116
1281522,1,1,1,0,0,0,0,20181119,20181121
1281520,1,1,1,1,1,0,0,20181126,20191126
1296015,1,1,1,1,1,0,0,20180804,20180831
1296017,1,1,1,1,1,0,0,20180904,20181116
1296018,1,1,1,0,0,0,0,20181119,20181121
1296020,1,1,1,1,1,0,0,20181123,20191123
1295912,1,1,1,1,1,0,0,20180804,20180831
1268842,1,1,1,1,1,0,0,20180904,20181116
1281525,1,1,1,0,0,0,0,20181119,20181121
1281527,1,1,1,1,1,0,0,20181123,20191123
1296021,1,1,1,1,1,0,0,20180804,20180831
1296023,1,1,1,1,1,0,0,20180904,20181116
1296024,1,1,1,0,0,0,0,20181119,20181121
1296026,1,1,1,1,1,0,0,20181126,20191126
1282213,1,1,1,0,0,0,0,20181120,20181126
1296075,1,1,1,1,1,0,0,20180804,20180831
1296077,1,1,1,1,1,0,0,20180904,20181116
1296078,1,1,1,0,0,0,0,20181119,20181121
1296080,1,1,1,1,1,0,0,20181126,20191126
1295951,1,1,1,1,1,0,0,20180804,20180831
1268781,1,1,1,1,1,0,0,20180904,20181116
1280796,1,1,1,0,0,0,0,20181119,20181121
1280798,1,1,1,1,1,0,0,20181123,20191123
1287971,0,0,0,0,1,0,0,20181123,20181123
1295994,0,0,0,0,1,0,0,20181123,20181123
1251930,0,1,1,0,0,0,0,20181120,20181121
1295959,0,0,0,0,0,1,0,20180804,20181110
1268624,0,0,0,0,0,0,1,20180902,20180902
1268625,0,0,0,0,0,1,0,20181117,20191117
1268626,0,0,0,1,0,0,0,20181122,20181122
1295992,0,0,0,0,0,0,1,20180804,20180819
1282911,0,0,0,0,0,0,1,20180826,20180826
1268687,1,0,0,0,0,0,0,20180903,20180903
1268688,0,0,0,0,0,0,1,20180909,20181111
1268689,0,0,0,0,0,0,1,20181118,20191118
1268690,0,0,0,1,0,0,0,20181122,20181122
1295961,0,0,0,0,0,1,0,20181124,20181124
1295948,0,0,0,0,0,1,0,20180804,20180818
1282900,0,0,0,0,0,1,0,20180825,20180825
1282901,0,0,0,0,0,1,0,20180901,20181110
1282902,0,0,0,0,0,0,1,20180902,20180902
1282903,0,0,0,1,0,1,0,20181117,20181122
1282905,0,0,0,0,0,1,0,20181201,20191201
1282219,0,0,0,1,0,0,0,20181122,20181122
1251861,0,0,0,0,0,0,1,20181125,20181125
1295993,0,0,0,0,0,0,1,20180804,20180819
1282913,0,0,0,0,0,0,1,20180826,20180826
1268694,1,0,0,0,0,0,0,20180903,20180903
1268695,0,0,0,0,0,0,1,20180909,20181111
1268696,0,0,0,0,0,0,1,20181118,20181118
1268698,0,0,0,0,0,0,1,20181202,20191202
1295960,0,0,0,0,0,0,1,20180804,20180819
1282909,0,0,0,0,0,0,1,20180826,20180826
1268630,1,0,0,0,0,0,0,20180903,20180903
1268631,0,0,0,0,0,0,1,20180909,20181111
1268632,0,0,0,0,0,0,1,20181118,20191118
1251858,0,0,0,0,0,0,1,20181125,20181125
1295949,0,0,0,0,0,1,0,20180804,20181110
1268769,0,0,0,0,0,0,1,20180902,20180902
1268770,0,0,0,0,0,1,0,20181117,20191117
1295935,0,0,0,0,0,0,1,20180804,20180819
1282892,0,0,0,0,0,0,1,20180826,20180826
1282894,1,0,0,0,0,0,0,20180903,20180903
1282895,0,0,0,0,0,0,1,20180909,20181111
1282896,0,0,0,0,0,1,1,20181118,20181124
1282898,0,0,0,0,0,0,1,20181202,20191202
1295950,0,0,0,0,0,0,1,20180804,20180819
1282907,0,0,0,0,0,0,1,20180826,20180826
1268774,1,0,0,0,0,0,0,20180903,20180903
1268775,0,0,0,0,0,0,1,20180909,20181111
1268776,0,0,0,0,0,0,1,20181118,20191118
1295936,0,0,0,0,0,0,1,20180804,20180826
1295938,1,0,0,0,0,0,0,20180903,20180903
1295939,0,0,0,0,0,0,1,20180909,20181111
1295940,0,0,0,0,0,0,1,20181118,20191118
1280772,0,0,0,1,0,0,0,20181122,20181122
1251933,0,0,0,1,0,0,0,20181122,20181122
1295995,0,0,0,1,0,0,0,20181122,20181122
1281519,0,0,0,0,0,1,1,20181124,20181125
1295913,0,0,0,0,0,1,0,20180804,20180818
1282860,0,0,0,0,0,1,0,20180825,20180825
1282861,0,0,0,0,0,1,0,20180901,20181110
1282862,0,0,0,0,0,1,0,20181117,20191117
1282863,0,0,0,1,0,0,1,20181122,20181125
1296027,0,0,0,0,0,1,0,20180804,20181110
1268523,0,0,0,0,0,0,1,20180902,20180902
1268524,0,0,0,1,0,1,0,20181117,20181122
1268526,0,0,0,0,0,1,0,20181201,20191201
1295914,0,0,0,0,0,0,1,20180804,20181111
1268846,1,0,0,0,0,0,0,20180903,20180903
1268847,0,0,0,0,0,0,1,20181118,20191118
1280765,0,0,0,1,0,1,0,20181122,20181124
1296028,0,0,0,0,0,1,0,20180804,20181110
1268528,0,0,0,0,0,0,1,20180902,20180902
1268529,0,0,0,0,0,1,0,20181117,20191117
1268530,0,0,0,1,0,0,1,20181122,20181125
1295915,0,0,0,0,0,0,1,20180804,20180819
1282865,0,0,0,0,0,0,1,20180826,20180826
1282867,1,0,0,0,0,0,0,20180903,20180903
1282868,0,0,0,0,0,0,1,20180909,20181111
1282869,0,0,0,0,0,0,1,20181118,20191118
1282870,0,0,0,0,0,1,0,20181124,20181124
1296029,0,0,0,0,0,1,1,20180804,20181111
1282221,1,0,0,0,0,0,0,20180903,20180903
1282222,0,0,0,0,0,1,1,20181117,20191117
1295916,0,0,0,0,0,1,1,20180804,20180819
1282872,0,0,0,0,0,1,1,20180825,20180826
1282873,0,0,0,0,0,1,1,20180901,20181111
1282874,1,0,0,0,0,0,0,20180903,20180903
1282875,0,0,0,0,0,1,1,20181117,20191117
1296030,0,0,0,0,0,0,1,20180804,20180826
1296032,1,0,0,0,0,0,0,20180903,20180903
1296033,0,0,0,0,0,0,1,20180909,20181111
1296034,0,0,0,0,0,0,1,20181118,20191118
1296035,0,0,0,0,0,1,0,20181124,20181124
1295917,0,0,0,0,0,0,1,20180804,20180819
1282878,0,0,0,0,0,0,1,20180826,20180826
1282880,1,0,0,0,0,0,0,20180903,20180903
1282881,0,0,0,0,0,0,1,20180909,20181111
1282882,0,0,0,0,0,0,1,20181118,20191118
1282883,0,0,0,0,0,1,0,20181124,20181124
1296036,0,0,0,0,0,0,1,20180804,20180819
1282915,0,0,0,0,0,0,1,20180826,20180826
1268545,1,0,0,0,0,0,0,20180903,20180903
1268546,0,0,0,0,0,0,1,20180909,20181111
1268547,0,0,0,0,0,0,1,20181118,20191118
1268548,0,0,0,0,0,1,0,20181124,20181124
1295918,0,0,0,0,0,0,1,20180804,20180826
1295920,1,0,0,0,0,0,0,20180903,20180903
1295921,0,0,0,0,0,0,1,20180909,20181111
1295922,0,0,0,0,0,0,1,20181118,20191118
1296037,0,0,0,0,0,0,1,20180804,20180826
1296039,1,0,0,0,0,0,0,20180903,20180903
1296040,0,0,0,0,0,0,1,20180909,20181111
1296041,0,0,0,0,0,0,1,20181118,20191118
1296042,0,0,0,0,0,1,0,20181124,20181124
1295923,0,0,0,0,0,0,1,20180804,20180819
1282885,0,0,0,0,0,0,1,20180826,20180826
1282887,1,0,0,0,0,0,0,20180903,20180903
1282888,0,0,0,0,0,0,1,20180909,20181111
1282889,0,0,0,0,0,0,1,20181118,20191118
1282890,0,0,0,0,0,1,0,20181124,20181124
1296043,0,0,0,0,0,0,1,20180804,20180826
1285413,1,0,0,0,0,0,0,20180903,20180903
1285414,0,0,0,0,0,0,1,20180909,20181111
1285415,0,0,0,0,0,0,1,20181118,20181118
1285416,0,0,0,0,0,1,1,20181124,20181125
1285417,0,0,0,0,0,0,1,20181202,20191202
1287970,0,0,0,0,0,0,1,20181125,20181125
1251855,0,0,0,0,0,1,1,20181124,20181125
1296044,0,0,0,0,0,0,1,20180804,20180826
1296046,1,0,0,0,0,0,0,20180903,20180903
1296047,0,0,0,0,0,0,1,20180909,20181111
1296048,0,0,0,0,0,0,1,20181118,20181118
1296050,0,0,0,0,0,0,1,20181202,20191202
1251863,0,0,0,0,0,0,1,20181125,20181125
1295952,0,0,0,0,0,1,0,20180804,20181110
1280800,0,0,0,0,0,0,1,20180902,20180902
1280801,0,0,0,0,0,1,0,20181117,20191117
1280802,0,0,0,1,0,0,0,20181122,20181122
1251862,0,0,0,0,0,0,1,20181125,20181125
1251852,0,0,0,1,0,0,0,20181122,20181122
1295996,0,0,0,0,0,0,1,20181125,20181125
1296621,1,1,1,1,1,1,1,20180804,20180902
1294446,1,0,0,0,0,0,0,20180903,20180903
1294447,1,1,1,1,1,1,1,20180904,20190904
1296622,1,1,1,1,1,1,1,20180804,20180903
1264722,1,1,1,1,1,1,1,20180904,20190904
1297387,1,1,1,1,1,0,0,20180804,20180806
1290663,0,1,0,0,0,0,0,20180807,20180807
1290664,1,1,1,1,1,0,0,20180808,20180831
1265295,1,1,1,1,1,0,0,20180904,20190904
1297372,1,1,1,1,1,1,1,20180804,20190810
1297377,0,0,0,0,0,1,1,20180804,20190810
1297378,1,0,0,0,0,0,0,20180903,20180903
1297379,1,1,1,1,1,0,0,20180804,20180831
1297381,1,1,1,1,1,0,0,20180904,20190904
1297373,1,1,1,1,1,1,1,20180804,20180805
1290655,1,0,0,0,0,0,0,20180806,20180806
1290656,1,1,1,1,1,1,1,20180807,20190810
1297382,0,0,0,0,0,1,1,20180804,20190810
1297383,1,0,0,0,0,0,0,20180903,20180903
1297371,1,1,1,1,1,1,1,20180804,20190810
1297388,1,1,1,1,1,1,1,20180804,20180805
1290666,1,0,0,0,0,0,0,20180806,20180806
1290667,1,1,1,1,1,1,1,20180807,20190810
1297374,1,1,1,1,1,0,0,20180804,20180806
1290659,1,1,1,1,1,0,0,20180808,20180831
1290661,1,1,1,1,1,0,0,20180904,20190904
1297384,0,0,0,0,0,1,1,20180804,20190810
1286227,1,0,0,0,0,0,0,20180903,20180903
1297375,1,1,1,1,1,1,1,20180804,20190810
1297385,1,1,1,1,1,1,1,20180804,20190810
1297376,1,1,1,1,1,1,1,20180804,20190810
1297386,1,1,1,1,1,1,1,20180804,20190810
1297361,1,1,1,1,1,1,1,20180804,20190810
1297362,1,1,1,1,1,1,1,20180804,20190810
1297015,0,0,0,0,0,1,1,20180804,20190810
1297014,1,1,1,1,1,0,0,20180804,20190810
1297013,0,0,0,0,0,1,1,20180804,20190810
1297012,1,1,1,1,1,0,0,20180804,20190810
1297367,1,1,1,1,1,1,1,20180804,20190810
1297368,1,1,1,1,1,1,1,20180804,20190810
1295811,1,1,1,1,1,0,0,20180804,20180831
1279512,1,1,1,1,1,0,0,20180904,20181121
1279514,1,1,1,1,1,0,0,20181126,20191126
1295823,1,1,1,1,1,0,0,20180804,20180831
1279548,1,1,1,1,1,0,0,20180904,20181121
1279550,1,1,1,1,1,0,0,20181126,20191126
1295812,1,1,1,1,1,0,0,20180804,20180831
1279516,1,1,1,1,1,0,0,20180904,20181121
1279518,1,1,1,1,1,0,0,20181126,20191126
1295824,1,1,1,1,1,0,0,20180804,20180831
1279552,1,1,1,1,1,0,0,20180904,20181121
1279554,1,1,1,1,1,0,0,20181126,20191126
1295846,1,1,1,1,1,0,0,20180804,20180831
1279622,1,1,1,1,1,0,0,20180904,20181121
1279624,1,1,1,1,1,0,0,20181126,20191126
1295825,1,1,1,1,1,0,0,20180804,20180831
1279556,1,1,1,1,1,0,0,20180904,20181121
1279558,1,1,1,1,1,0,0,20181126,20191126
1295826,1,1,1,1,1,0,0,20180804,20180831
1279560,1,1,1,1,1,0,0,20180904,20181121
1279562,1,1,1,1,1,0,0,20181126,20191126
1295847,1,1,1,1,1,0,0,20180804,20180831
1279626,1,1,1,1,1,0,0,20180904,20181121
1279628,1,1,1,1,1,0,0,20181126,20191126
1295805,1,1,1,1,1,0,0,20180804,20180831
1279496,1,1,1,1,1,0,0,20180904,20181121
1279498,1,1,1,1,1,0,0,20181126,20191126
1295813,1,1,1,1,1,0,0,20180804,20180831
1279520,1,1,1,1,1,0,0,20180904,20181121
1279522,1,1,1,1,1,0,0,20181126,20191126
1295838,1,1,1,1,1,0,0,20180804,20180831
1279599,1,1,1,1,1,0,0,20180904,20181121
1279601,1,1,1,1,1,0,0,20181126,20191126
1295848,1,1,1,1,1,0,0,20180804,20180831
1279630,1,1,1,1,1,0,0,20180904,20181121
1279632,1,1,1,1,1,0,0,20181126,20191126
1295814,1,1,1,1,1,0,0,20180804,20180831
1279524,1,1,1,1,1,0,0,20180904,20181121
1279526,1,1,1,1,1,0,0,20181126,20191126
1295839,1,1,1,1,1,0,0,20180804,20180831
1279604,1,1,1,1,1,0,0,20180904,20181121
1279606,1,1,1,1,1,0,0,20181126,20191126
1295817,1,1,1,1,1,0,0,20180804,20180831
1279534,1,1,1,1,1,0,0,20180904,20181121
1279536,1,1,1,1,1,0,0,20181126,20191126
1295827,1,1,1,1,1,0,0,20180804,20180831
1279564,1,1,1,1,1,0,0,20180904,20181121
1279566,1,1,1,1,1,0,0,20181126,20191126
1295849,1,1,1,1,1,0,0,20180804,20180831
1279634,1,1,1,1,1,0,0,20180904,20181121
1279636,1,1,1,1,1,0,0,20181126,20191126
1295815,1,1,1,1,1,0,0,20180804,20180831
1279528,1,1,1,1,1,0,0,20180904,20181121
1279530,1,1,1,1,1,0,0,20181126,20191126
1295834,1,1,1,1,1,0,0,20180804,20180831
1279584,1,1,1,1,1,0,0,20180904,20181121
1279586,1,1,1,1,1,0,0,20181126,20191126
1295850,1,1,1,1,1,0,0,20180804,20180831
1279638,1,1,1,1,1,0,0,20180904,20181121
1279640,1,1,1,1,1,0,0,20181126,20191126
1295828,1,1,1,1,1,0,0,20180804,20180831
1279568,1,1,1,1,1,0,0,20180904,20181121
1279570,1,1,1,1,1,0,0,20181126,20191126
1295851,1,1,1,1,1,0,0,20180804,20180831
1279642,1,1,1,1,1,0,0,20180904,20181121
1279644,1,1,1,1,1,0,0,20181126,20191126
1295835,1,1,1,1,1,0,0,20180804,20180831
1279588,1,1,1,1,1,0,0,20180904,20181121
1279590,1,1,1,1,1,0,0,20181126,20191126
1295852,1,1,1,1,1,0,0,20180804,20180831
1279646,1,1,1,1,1,0,0,20180904,20181121
1279648,1,1,1,1,1,0,0,20181126,20191126
1295829,1,1,1,1,1,0,0,20180804,20180831
1279572,1,1,1,1,1,0,0,20180904,20181121
1279574,1,1,1,1,1,0,0,20181126,20191126
1295853,1,1,1,1,1,0,0,20180804,20180831
1279650,1,1,1,1,1,0,0,20180904,20181121
1279652,1,1,1,1,1,0,0,20181126,20191126
1295840,1,1,1,1,1,0,0,20180804,20180831
1279608,1,1,1,1,1,0,0,20180904,20181121
1279610,1,1,1,1,1,0,0,20181126,20191126
1295806,1,1,1,1,1,0,0,20180804,20180831
1279500,1,1,1,1,1,0,0,20180904,20181121
1279502,1,1,1,1,1,0,0,20181126,20191126
1295836,1,1,1,1,1,0,0,20180804,20180831
1279592,1,1,1,1,1,0,0,20180904,20181121
1279594,1,1,1,1,1,0,0,20181126,20191126
1295837,1,1,1,1,1,0,0,20180804,20180831
1279596,1,1,1,1,1,0,0,20180904,20181121
1279598,1,1,1,1,1,0,0,20181126,20191126
1295807,0,0,0,0,0,1,1,20180804,20190810
1263727,1,0,0,0,0,0,0,20180903,20180903
1279504,0,0,0,1,1,0,0,20181122,20181123
1295830,0,0,0,0,0,1,1,20180804,20190810
1263800,1,0,0,0,0,0,0,20180903,20180903
1279576,0,0,0,1,1,0,0,20181122,20181123
1295844,0,0,0,0,0,1,1,20180804,20190810
1263689,1,0,0,0,0,0,0,20180903,20180903
1279618,0,0,0,1,1,0,0,20181122,20181123
1295818,0,0,0,0,0,1,1,20180804,20190810
1263762,1,0,0,0,0,0,0,20180903,20180903
1279538,0,0,0,1,1,0,0,20181122,20181123
1295854,0,0,0,0,0,1,1,20180804,20190810
1263725,1,0,0,0,0,0,0,20180903,20180903
1279654,0,0,0,1,1,0,0,20181122,20181123
1295804,0,0,0,0,0,1,1,20180804,20190810
1263802,1,0,0,0,0,0,0,20180903,20180903
1279494,0,0,0,1,1,0,0,20181122,20181123
1295808,0,0,0,0,0,1,1,20180804,20190810
1263729,1,0,0,0,0,0,0,20180903,20180903
1279506,0,0,0,1,1,0,0,20181122,20181123
1295841,0,0,0,0,0,1,1,20180804,20190810
1263655,1,0,0,0,0,0,0,20180903,20180903
1279612,0,0,0,1,1,0,0,20181122,20181123
1295809,0,0,0,0,0,1,1,20180804,20190810
1263731,1,0,0,0,0,0,0,20180903,20180903
1279508,0,0,0,1,1,0,0,20181122,20181123
1295816,0,0,0,0,0,1,1,20180804,20190810
1263755,1,0,0,0,0,0,0,20180903,20180903
1279532,0,0,0,1,1,0,0,20181122,20181123
1295819,0,0,0,0,0,1,1,20180804,20190810
1263764,1,0,0,0,0,0,0,20180903,20180903
1279540,0,0,0,1,1,0,0,20181122,20181123
1295842,0,0,0,0,0,1,1,20180804,20190810
1263684,1,0,0,0,0,0,0,20180903,20180903
1279614,0,0,0,1,1,0,0,20181122,20181123
1295821,0,0,0,0,0,1,1,20180804,20190810
1263768,1,0,0,0,0,0,0,20180903,20180903
1279544,0,0,0,1,1,0,0,20181122,20181123
1295855,0,0,0,0,0,1,1,20180804,20190810
1263636,1,0,0,0,0,0,0,20180903,20180903
1279656,0,0,0,1,1,0,0,20181122,20181123
1295822,0,0,0,0,0,1,1,20180804,20190810
1263770,1,0,0,0,0,0,0,20180903,20180903
1279546,0,0,0,1,1,0,0,20181122,20181123
1295843,0,0,0,0,0,1,1,20180804,20190810
1263686,1,0,0,0,0,0,0,20180903,20180903
1279616,0,0,0,1,1,0,0,20181122,20181123
1295831,0,0,0,0,0,1,1,20180804,20190810
1263657,1,0,0,0,0,0,0,20180903,20180903
1279578,0,0,0,1,1,0,0,20181122,20181123
1295810,0,0,0,0,0,1,1,20180804,20190810
1263732,1,0,0,0,0,0,0,20180903,20180903
1279510,0,0,0,1,1,0,0,20181122,20181123
1295820,0,0,0,0,0,1,1,20180804,20190810
1263766,1,0,0,0,0,0,0,20180903,20180903
1279542,0,0,0,1,1,0,0,20181122,20181123
1295845,0,0,0,0,0,1,1,20180804,20190810
1263691,1,0,0,0,0,0,0,20180903,20180903
1279620,0,0,0,1,1,0,0,20181122,20181123
1295832,0,0,0,0,0,1,1,20180804,20190810
1263659,1,0,0,0,0,0,0,20180903,20180903
1279580,0,0,0,1,1,0,0,20181122,20181123
1295833,0,0,0,0,0,1,1,20180804,20190810
1263661,1,0,0,0,0,0,0,20180903,20180903
1279582,0,0,0,1,1,0,0,20181122,20181123
1296395,1,1,1,1,1,1,1,20180804,20190810
1296396,1,1,1,1,1,1,1,20180804,20190810
1296511,0,1,0,1,0,1,0,20180804,20181110
1296512,0,1,0,1,0,1,0,20181113,20191113
1296509,0,0,1,0,1,0,1,20180804,20181111
1296510,0,0,1,0,1,0,1,20181114,20191114
1297017,1,1,1,1,1,1,1,20180804,20190810
1297016,1,1,1,1,1,1,1,20180804,20190810
1296604,0,0,0,0,0,1,1,20180804,20181021
1296605,1,1,1,1,1,0,0,20180804,20180831
1296606,1,0,0,0,0,0,0,20180903,20180903
1296607,1,1,1,1,1,0,0,20180904,20181116
1296608,0,0,0,0,0,1,0,20181027,20181027
1296609,0,0,0,0,0,1,1,20181028,20191028
1296610,1,1,1,0,0,0,0,20181119,20181121
1296611,0,0,0,1,0,0,0,20181122,20181122
1296612,1,1,1,1,1,0,0,20181123,20191123
1296613,1,1,1,1,1,1,1,20180804,20181011
1296614,1,1,1,1,1,1,1,20181012,20181021
1296615,1,1,1,1,1,0,0,20181022,20181026
1296616,0,0,0,0,0,1,0,20181027,20181027
1296617,1,1,1,1,1,1,1,20181028,20181116
1296618,1,1,1,1,1,1,1,20181117,20191117
1296506,1,1,1,1,1,1,1,20180804,20190810
1296505,1,1,1,1,1,1,1,20180804,20190810
1296595,1,1,1,1,1,1,1,20180804,20190810
1296593,1,1,1,1,1,1,1,20180804,20180807
1296594,1,1,1,1,1,1,1,20180808,20190810
1296507,1,1,1,1,1,1,1,20180804,20180824
1283036,0,0,0,0,0,1,1,20180825,20180826
1283037,1,1,1,1,1,1,1,20180827,20181116
1283038,1,1,1,1,1,1,1,20181117,20191117
1296508,1,1,1,1,0,0,1,20180804,20190810
1297464,1,1,1,1,1,0,0,20180804,20180831
1297466,1,1,1,1,1,0,0,20180904,20181121
1297468,1,1,1,1,1,0,0,20181123,20191123
1297400,1,1,1,1,1,0,0,20180804,20180831
1297402,1,1,1,1,1,0,0,20180904,20181001
1297403,1,1,1,1,1,0,0,20181002,20181121
1297405,1,1,1,1,1,0,0,20181123,20191123
1297500,1,1,1,1,1,0,0,20180804,20180831
1297502,1,1,1,1,1,0,0,20180904,20180928
1297503,1,0,0,0,0,0,0,20181001,20181001
1297504,1,1,1,1,1,0,0,20181002,20181121
1297506,1,1,1,1,1,0,0,20181123,20191123
1297412,1,1,1,1,1,0,0,20180804,20180831
1297414,1,1,1,1,1,0,0,20180904,20181001
1297415,1,1,1,1,1,0,0,20181002,20181121
1297417,1,1,1,1,1,0,0,20181123,20191123
1297469,1,1,1,1,1,0,0,20180804,20180831
1297471,1,1,1,1,1,0,0,20180904,20181001
1297472,1,1,1,1,1,0,0,20181002,20181121
1297474,1,1,1,1,1,0,0,20181123,20191123
1297406,1,1,1,1,1,0,0,20180804,20180831
1297408,1,1,1,1,1,0,0,20180904,20181001
1297409,1,1,1,1,1,0,0,20181002,20181121
1297411,1,1,1,1,1,0,0,20181123,20191123
1297475,1,1,1,1,1,0,0,20180804,20180831
1297477,1,1,1,1,1,0,0,20180904,20181001
1297478,1,1,1,1,1,0,0,20181002,20181121
1297480,1,1,1,1,1,0,0,20181123,20191123
1297429,0,0,0,0,1,0,0,20180804,20180928
1297430,1,1,1,1,0,0,0,20180804,20180830
1297432,1,1,1,1,0,0,0,20180904,20181001
1297433,1,1,1,1,0,0,0,20181002,20181121
1297434,0,0,0,0,1,0,0,20181005,20191005
1297436,1,1,1,1,0,0,0,20181126,20191126
1297494,1,1,1,1,1,0,0,20180804,20180831
1297496,1,1,1,1,1,0,0,20180904,20181001
1297497,1,1,1,1,1,0,0,20181002,20181121
1297499,1,1,1,1,1,0,0,20181123,20191123
1297437,0,0,0,0,1,0,0,20180804,20180817
1297438,1,1,1,0,0,0,0,20180804,20180808
1297439,0,0,0,1,0,0,0,20180804,20180809
1297440,1,1,1,1,0,0,0,20180813,20180816
1297441,1,1,1,0,0,0,0,20180820,20180822
1297442,1,0,0,1,0,0,0,20180823,20180830
1297443,0,0,0,0,1,0,0,20180824,20180824
1297444,0,1,1,0,0,0,0,20180828,20180829
1297445,0,0,0,0,1,0,0,20180831,20180928
1297447,1,1,1,1,0,0,0,20180904,20181001
1297448,1,1,1,1,0,0,0,20181002,20181121
1297449,0,0,0,0,1,0,0,20181005,20191005
1297451,1,1,1,1,0,0,0,20181126,20191126
1297490,0,0,0,0,0,1,1,20180804,20180826
1297491,0,0,0,0,0,1,1,20180901,20180930
1297492,1,0,0,0,0,0,0,20180903,20180903
1297493,0,0,0,0,0,1,1,20181006,20191006
1297391,0,0,0,0,0,1,1,20180804,20180826
1297392,0,0,0,0,0,1,1,20180901,20180930
1297393,1,0,0,0,0,0,0,20180903,20180903
1297394,0,0,0,0,0,1,1,20181006,20191006
1297507,0,0,0,0,0,1,1,20180804,20180826
1297508,0,0,0,0,0,1,1,20180901,20180930
1297509,1,0,0,0,0,0,0,20180903,20180903
1297510,0,0,0,0,0,1,1,20181006,20191006
1297511,0,0,0,1,0,0,0,20181122,20181122
1297452,0,0,0,0,0,1,1,20180804,20180826
1297453,0,0,0,0,0,1,1,20180901,20180930
1297454,1,0,0,0,0,0,0,20180903,20180903
1297455,0,0,0,0,0,1,1,20181006,20191006
1297456,0,0,0,1,0,0,0,20181122,20181122
1297481,0,0,0,0,0,1,1,20180804,20180826
1297482,0,0,0,0,0,1,1,20180901,20180930
1297483,1,0,0,0,0,0,0,20180903,20180903
1297484,0,0,0,0,0,1,1,20181006,20191006
1297485,0,0,0,1,0,0,0,20181122,20181122
1297395,0,0,0,0,0,1,1,20180804,20180826
1297396,0,0,0,0,0,1,1,20180901,20180930
1297397,1,0,0,0,0,0,0,20180903,20180903
1297398,0,0,0,0,0,1,1,20181006,20191006
1297399,0,0,0,1,0,0,0,20181122,20181122
1297489,0,0,0,0,0,1,1,20180804,20180826
1297486,0,0,0,0,0,1,1,20180901,20180930
1297487,1,0,0,0,0,0,0,20180903,20180903
1297488,0,0,0,0,0,1,1,20181006,20191006
1297457,0,0,0,0,0,1,0,20180804,20180825
1297458,0,0,0,0,0,0,1,20180805,20180826
1297459,0,0,0,0,0,1,0,20180901,20180929
1297460,0,0,0,0,0,0,1,20180902,20180930
1297461,1,0,0,0,0,0,0,20180903,20180903
1297462,0,0,0,0,0,1,0,20181006,20191006
1297463,0,0,0,0,0,0,1,20181007,20191007
1297512,0,0,0,0,0,1,1,20180804,20180826
1297513,0,0,0,0,0,1,1,20180901,20180930
1297514,1,0,0,0,0,0,0,20180903,20180903
1297515,0,0,0,0,0,1,1,20181006,20191006
1297516,0,0,0,1,0,0,0,20181122,20181122
1297418,0,0,0,0,0,1,0,20180804,20180804
1297419,0,0,0,0,0,0,1,20180805,20180805
1297420,0,0,0,0,0,1,0,20180811,20180818
1297421,0,0,0,0,0,0,1,20180812,20180826
1297422,0,0,0,0,0,1,0,20180825,20180825
1297423,0,0,0,0,0,1,0,20180901,20180929
1297424,0,0,0,0,0,0,1,20180902,20180930
1297425,1,0,0,0,0,0,0,20180903,20180903
1297426,0,0,0,0,0,1,0,20181006,20191006
1297427,0,0,0,0,0,0,1,20181007,20191007
1297428,0,0,0,1,0,0,0,20181122,20181122
1296325,1,1,1,1,1,1,1,20180804,20181005
1290443,1,1,1,1,1,1,1,20181006,20190426
1290444,1,1,1,1,1,1,1,20190427,20200427
1296327,1,1,1,1,1,1,1,20180804,20181001
1263854,0,1,1,1,1,0,0,20181002,20181005
1290449,1,1,1,1,1,1,1,20181006,20190426
1290450,1,1,1,1,1,1,1,20190427,20200427
1296326,1,1,1,1,1,1,1,20180804,20181005
1290446,1,1,1,1,1,1,1,20181006,20190426
1290447,1,1,1,1,1,1,1,20190427,20200427
1296324,1,1,1,1,1,1,1,20180804,20181001
1290439,0,1,1,1,1,0,0,20181002,20181005
1290440,1,1,1,1,1,1,1,20181006,20190426
1290441,1,1,1,1,1,1,1,20190427,20200427
1296365,1,1,1,1,1,0,0,20180804,20180831
1296367,1,1,1,1,1,0,0,20180904,20190904
1296371,1,1,1,1,1,0,0,20180804,20180831
1296373,1,1,1,1,1,0,0,20180904,20190904
1296334,1,1,1,1,1,0,0,20180804,20180831
1296332,1,1,1,1,1,1,1,20180904,20190904
1296374,1,1,1,1,1,0,0,20180804,20180831
1296376,1,1,1,1,1,0,0,20180904,20190904
1296337,1,1,1,1,1,0,0,20180804,20180831
1296336,1,1,1,1,1,0,0,20180904,20190904
1296377,1,1,1,1,1,0,0,20180804,20180831
1296379,1,1,1,1,1,0,0,20180904,20190904
1296338,1,1,1,1,1,0,0,20180804,20180831
1296340,1,1,1,1,1,0,0,20180904,20190904
1296380,1,1,1,1,1,1,1,20180804,20180903
1264338,1,1,1,1,1,1,1,20180904,20190904
1296341,1,1,1,1,0,0,0,20180804,20180830
1296343,1,1,1,1,0,0,0,20180904,20190904
1296359,1,1,1,1,1,1,1,20180804,20180903
1264391,1,1,1,1,1,1,1,20180904,20190904
1296368,1,1,1,1,1,0,0,20180804,20180831
1296370,1,1,1,1,1,0,0,20180904,20190904
1296360,1,1,1,1,1,0,0,20180804,20180831
1296362,1,1,1,1,1,0,0,20180904,20190904
1296381,1,1,1,1,1,1,1,20180804,20180903
1264340,1,1,1,1,1,1,1,20180904,20190904
1296344,1,1,1,1,1,0,0,20180804,20180831
1296346,1,1,1,1,1,0,0,20180904,20190904
1296382,0,0,0,0,0,1,1,20180804,20180902
1296383,1,0,0,0,0,0,0,20180903,20180903
1296384,0,0,0,0,0,1,1,20180908,20190908
1296347,0,0,0,0,0,1,1,20180804,20180902
1296348,1,0,0,0,0,0,0,20180903,20180903
1296385,0,0,0,0,0,1,1,20180804,20180902
1296386,1,0,0,0,0,0,0,20180903,20180903
1296387,0,0,0,0,0,1,0,20180908,20190908
1296349,0,0,0,0,0,1,1,20180804,20180902
1296350,1,0,0,0,0,0,0,20180903,20180903
1296351,0,0,0,0,0,1,1,20180908,20190908
1264303,0,0,0,0,0,0,1,20180909,20190909
1296352,0,0,0,0,1,0,0,20180804,20180831
1264385,0,0,0,0,1,0,0,20180907,20190907
1296388,0,0,0,0,0,1,1,20180804,20180902
1296389,1,0,0,0,0,0,0,20180903,20180903
1296390,0,0,0,0,0,0,1,20180909,20190909
1296353,0,0,0,0,0,1,1,20180804,20180902
1296354,1,0,0,0,0,0,0,20180903,20180903
1296355,0,0,0,0,0,1,1,20180908,20190908
1296391,0,0,0,0,0,1,1,20180804,20180902
1296392,1,0,0,0,0,0,0,20180903,20180903
1296393,0,0,0,0,0,1,1,20180908,20190908
1296356,0,0,0,0,0,1,1,20180804,20180902
1296357,1,0,0,0,0,0,0,20180903,20180903
1296358,0,0,0,0,0,1,1,20180908,20190908
1296328,1,1,1,1,1,1,1,20180804,20180903
1264350,1,1,1,1,1,1,0,20180904,20190904
1296364,1,1,1,1,1,1,1,20180804,20180821
1264310,1,1,1,1,1,1,1,20180822,20180903
1264311,1,1,1,1,1,1,1,20180904,20190904
1296363,1,1,1,1,1,1,1,20180804,20180821
1264307,1,1,1,1,1,1,1,20180822,20180903
1264308,1,1,1,1,1,1,1,20180904,20190904
1296329,1,1,1,1,1,1,1,20180804,20180821
1264352,1,1,1,1,1,1,1,20180822,20180903
1264353,1,1,1,1,1,1,1,20180904,20190904
1264305,0,0,0,0,0,0,1,20180909,20190909
1297524,1,1,1,1,1,0,0,20180804,20180831
1297526,1,1,1,1,1,0,0,20180904,20190904
1297520,1,1,1,1,0,0,0,20180804,20180830
1297522,1,1,1,1,0,0,0,20180904,20190904
1265393,0,0,0,0,0,1,0,20180908,20190908
1297523,0,0,0,0,1,0,0,20180804,20180831
1265409,0,0,0,0,1,0,0,20180907,20190907
1297517,0,0,0,0,0,1,1,20180804,20180902
1297518,1,0,0,0,0,0,0,20180903,20180903
1297519,0,0,0,0,0,1,1,20180908,20190908
1297527,0,0,0,0,0,1,1,20180804,20180902
1297528,1,0,0,0,0,0,0,20180903,20180903
1297529,0,0,0,0,0,0,1,20180909,20190909
1297370,1,1,1,1,1,1,1,20180804,20190810
1297369,1,1,1,1,1,1,1,20180804,20190810
1295862,1,1,1,1,1,0,0,20180804,20190810
1295871,1,1,1,1,1,0,0,20180804,20190810
1295863,1,1,1,1,1,1,1,20180804,20190810
1295870,1,1,1,1,1,1,1,20180804,20190810
1295864,1,1,1,1,1,1,1,20180804,20190810
1295872,1,1,1,1,1,1,1,20180804,20190810
1295865,1,1,1,1,1,1,1,20180804,20190810
1295873,1,1,1,1,1,1,1,20180804,20190810
1295866,1,1,1,1,1,1,1,20180804,20190810
1295874,1,1,1,1,1,1,1,20180804,20190810
1295867,1,1,1,1,1,1,1,20180804,20190810
1295875,1,1,1,1,1,1,1,20180804,20190810
1295868,1,1,1,1,1,1,1,20180804,20190810
1295876,1,1,1,1,1,1,1,20180804,20190810
1295869,0,0,0,0,1,0,0,20180804,20190810
1296628,1,0,1,0,1,0,1,20180804,20190810
1296629,0,1,1,0,1,0,1,20180804,20190810
1295879,1,1,1,1,1,1,1,20180804,20190810
1295880,1,1,1,1,1,1,1,20180804,20190810
1295877,1,1,1,1,1,1,1,20180804,20190810
1295878,1,1,1,1,1,1,1,20180804,20190810
1297135,1,1,1,1,1,0,0,20180804,20180831
1297137,1,1,1,1,1,0,0,20180904,20181121
1297139,1,1,1,1,1,0,0,20181123,20191123
1297081,1,1,1,1,1,0,0,20180804,20180831
1297083,1,1,1,1,1,0,0,20180904,20181121
1297085,1,1,1,1,1,0,0,20181123,20191123
1297086,1,1,1,1,1,0,0,20180804,20180831
1297088,1,1,1,1,1,0,0,20180904,20181121
1297090,1,1,1,1,1,0,0,20181123,20191123
1297091,1,1,1,1,1,0,0,20180804,20180831
1297093,1,1,1,1,1,0,0,20180904,20181121
1297095,1,1,1,1,1,0,0,20181123,20191123
1297057,1,1,1,1,1,0,0,20180804,20180831
1297059,1,1,1,1,1,0,0,20180904,20181116
1297060,1,1,1,0,0,0,0,20181119,20181121
1297062,1,1,1,1,1,0,0,20181123,20191123
1297120,0,0,0,0,0,1,0,20180804,20180811
1287290,0,0,0,0,0,1,0,20180818,20180818
1287291,0,0,0,0,0,1,0,20180825,20190825
1287293,0,0,0,0,0,0,1,20180902,20180902
1297080,0,0,0,0,0,1,0,20180804,20190810
1277557,0,0,0,0,0,0,1,20180902,20180902
1297103,0,0,0,0,0,0,1,20180804,20180812
1287287,0,0,0,0,0,0,1,20180819,20180819
1287288,0,0,0,0,0,0,1,20180826,20190826
1287289,1,0,0,0,0,0,0,20180903,20180903
1297096,0,0,0,0,0,0,1,20180804,20190810
1277559,1,0,0,0,0,0,0,20180903,20180903
1297104,1,1,1,1,0,0,0,20180804,20180830
1297106,1,1,1,1,0,0,0,20180904,20181120
1297109,1,1,1,1,0,0,0,20181126,20191126
1297097,0,0,0,0,1,0,0,20180804,20190810
1297098,1,1,1,1,0,0,0,20180804,20180830
1297100,1,1,1,1,0,0,0,20180904,20181121
1297102,1,1,1,1,0,0,0,20181126,20191126
1297110,1,1,1,1,1,0,0,20180804,20180831
1297112,1,1,1,1,1,0,0,20180904,20181121
1297114,1,1,1,1,1,0,0,20181123,20191123
1297115,1,1,1,1,1,0,0,20180804,20180831
1297117,1,1,1,1,1,0,0,20180904,20181121
1297119,1,1,1,1,1,0,0,20181123,20191123
1297075,0,0,0,0,0,0,1,20180804,20180826
1297077,1,0,0,0,0,0,0,20180903,20180903
1297078,0,0,0,0,0,0,1,20180909,20190909
1297079,0,0,0,1,0,0,0,20181122,20181122
1297070,1,1,1,1,1,0,0,20180804,20180831
1297072,1,1,1,1,1,0,0,20180904,20181121
1297074,1,1,1,1,1,0,0,20181123,20191123
1297140,1,1,1,1,1,0,0,20180804,20180831
1297142,1,1,1,1,1,0,0,20180904,20181121
1297144,1,1,1,1,1,0,0,20181123,20191123
1297022,1,1,1,1,1,0,0,20180804,20180831
1297024,1,1,1,1,1,0,0,20180904,20181121
1297026,1,1,1,1,1,0,0,20181123,20191123
1297149,1,1,1,1,1,0,0,20180804,20180831
1297146,1,1,1,1,1,0,0,20180904,20181121
1297148,1,1,1,1,1,0,0,20181123,20191123
1297027,1,1,1,1,1,0,0,20180804,20180831
1297029,1,1,1,1,1,0,0,20180904,20181121
1297031,1,1,1,1,1,0,0,20181123,20191123
1297150,1,1,1,1,1,0,0,20180804,20180831
1297152,1,1,1,1,1,0,0,20180904,20181121
1297154,1,1,1,1,1,0,0,20181123,20191123
1297032,1,1,1,1,1,0,0,20180804,20180831
1297034,1,1,1,1,1,0,0,20180904,20181121
1297036,1,1,1,1,1,0,0,20181123,20191123
1297158,1,1,1,1,1,0,0,20180804,20180831
1297155,1,1,1,1,1,0,0,20180904,20181121
1297157,1,1,1,1,1,0,0,20181123,20191123
1297037,1,1,1,1,1,0,0,20180804,20180831
1297039,1,1,1,1,1,0,0,20180904,20181121
1297041,1,1,1,1,1,0,0,20181123,20191123
1297164,1,1,1,1,1,0,0,20180804,20180831
1297161,1,1,1,1,1,0,0,20180904,20181121
1297163,1,1,1,1,1,0,0,20181123,20191123
1297042,1,1,1,1,1,0,0,20180804,20180831
1297044,1,1,1,1,1,0,0,20180904,20181121
1297046,1,1,1,1,1,0,0,20181123,20191123
1297126,1,1,1,1,1,0,0,20180804,20180831
1297128,1,1,1,1,1,0,0,20180904,20181121
1297130,1,1,1,1,1,0,0,20181123,20191123
1297063,1,1,1,1,1,0,0,20180804,20180831
1297065,1,1,1,1,1,0,0,20180904,20181121
1297067,1,1,1,1,1,0,0,20181123,20191123
1297165,1,1,1,1,1,0,0,20180804,20180831
1297167,1,1,1,1,1,0,0,20180904,20181121
1297169,1,1,1,1,1,0,0,20181123,20191123
1297047,1,1,1,1,1,0,0,20180804,20180831
1297049,1,1,1,1,1,0,0,20180904,20181121
1297051,1,1,1,1,1,0,0,20181123,20191123
1297170,1,1,1,1,1,0,0,20180804,20180831
1297172,1,1,1,1,1,0,0,20180904,20181121
1297174,1,1,1,1,1,0,0,20181123,20191123
1297052,1,1,1,1,1,0,0,20180804,20180831
1297054,1,1,1,1,1,0,0,20180904,20181121
1297056,1,1,1,1,1,0,0,20181123,20191123
1297175,1,1,1,1,1,0,0,20180804,20180831
1297177,1,1,1,1,1,0,0,20180904,20181121
1297179,1,1,1,1,1,0,0,20181123,20191123
1297131,0,0,0,0,1,0,0,20180804,20181116
1297132,0,0,1,0,0,0,0,20181121,20181121
1297133,0,0,0,0,1,0,0,20181123,20191123
1297134,0,0,0,0,0,1,1,20180804,20180812
1287321,0,0,0,0,0,1,1,20180818,20180819
1287322,0,0,0,0,0,1,1,20180825,20190825
1287323,1,0,0,0,0,0,0,20180903,20180903
1287324,0,0,0,1,0,0,0,20181122,20181122
1297068,0,0,0,0,0,1,1,20180804,20190810
1277551,1,0,0,0,0,0,0,20180903,20180903
1277552,0,0,0,1,0,0,0,20181122,20181122
1297121,0,0,0,0,0,1,0,20180804,20180811
1287295,0,0,0,0,0,1,0,20180818,20180818
1287296,0,0,0,0,0,1,0,20180825,20190825
1287297,0,0,0,0,0,0,1,20180902,20180902
1287298,0,0,0,1,0,0,0,20181122,20181122
1297018,0,0,0,0,0,1,1,20180804,20190810
1277538,1,0,0,0,0,0,0,20180903,20180903
1277539,0,0,0,1,0,0,0,20181122,20181122
1297180,0,0,0,0,0,1,1,20180804,20180812
1287326,0,0,0,0,0,1,1,20180818,20180819
1287327,0,0,0,0,0,1,1,20180825,20190825
1287328,1,0,0,0,0,0,0,20180903,20180903
1287329,0,0,0,1,0,0,0,20181122,20181122
1297019,0,0,0,0,0,1,1,20180804,20190810
1277541,1,0,0,0,0,0,0,20180903,20180903
1277542,0,0,0,1,0,0,0,20181122,20181122
1297122,0,0,0,0,0,1,1,20180804,20180812
1287300,0,0,0,0,0,1,1,20180818,20180819
1287301,0,0,0,0,0,1,1,20180825,20190825
1287302,1,0,0,0,0,0,0,20180903,20180903
1287303,0,0,0,1,0,0,0,20181122,20181122
1297020,0,0,0,0,0,1,1,20180804,20181111
1277543,1,0,0,0,0,0,0,20180903,20180903
1277544,0,0,0,0,0,1,1,20181117,20191117
1277545,0,0,0,1,0,0,0,20181122,20181122
1297021,0,0,0,0,0,1,1,20180804,20190810
1277548,1,0,0,0,0,0,0,20180903,20180903
1277549,0,0,0,1,0,0,0,20181122,20181122
1297123,0,0,0,0,0,1,1,20180804,20180812
1287305,0,0,0,0,0,1,1,20180818,20180819
1287306,0,0,0,0,0,1,1,20180825,20190825
1287307,1,0,0,0,0,0,0,20180903,20180903
1287308,0,0,0,1,0,0,0,20181122,20181122
1297069,0,0,0,0,0,1,1,20180804,20190810
1277554,1,0,0,0,0,0,0,20180903,20180903
1277555,0,0,0,1,0,0,0,20181122,20181122
1297124,0,0,0,0,0,1,1,20180804,20180812
1287310,0,0,0,0,0,1,1,20180818,20180819
1287311,0,0,0,0,0,1,1,20180825,20190825
1287312,1,0,0,0,0,0,0,20180903,20180903
1287313,0,0,0,1,0,0,0,20181122,20181122
1297125,0,0,0,0,0,0,1,20180804,20180812
1287315,0,0,0,0,0,0,1,20180819,20180819
1287316,0,0,0,0,0,0,1,20180826,20180826
1287318,1,0,0,0,0,0,0,20180903,20180903
1287319,0,0,0,0,0,0,1,20180909,20190909
1295888,0,0,0,0,0,1,0,20180804,20180804
1295887,1,1,1,1,1,1,1,20180805,20180901
1295889,0,0,0,0,0,0,1,20180902,20180902
1295890,1,1,1,1,1,1,1,20180903,20190903
1295883,0,0,0,0,0,1,1,20180804,20180805
1295884,1,0,0,0,0,0,0,20180806,20180806
1295885,1,1,1,1,1,1,1,20180807,20180903
1295886,1,1,1,1,1,1,1,20180904,20190904
1295074,1,1,1,1,1,1,1,20180902,20190902
1259992,1,1,1,1,1,1,1,20180904,20190904
1296600,1,1,1,1,1,1,1,20180804,20180827
1286018,1,1,1,1,1,1,1,20180831,20190831
1296596,1,1,1,1,1,1,1,20180804,20180827
1286012,1,1,1,1,1,1,1,20180831,20190831
1296601,1,1,1,1,1,1,1,20180804,20180827
1286021,1,1,1,1,1,1,1,20180831,20190831
1296598,1,1,1,1,1,1,1,20180804,20180827
1286015,1,1,1,1,1,1,1,20180831,20190831
1296602,1,1,1,1,1,1,1,20180804,20190810
1296599,1,1,1,1,1,1,1,20180804,20190810
1296603,1,1,1,1,1,1,1,20180804,20190810
1296597,1,1,1,1,1,1,1,20180804,20190810
1297535,1,1,1,1,1,1,1,20180804,20180821
1251190,1,1,1,1,1,1,1,20180822,20180903
1251191,1,1,1,1,1,1,1,20180904,20190904
1297536,1,1,1,1,1,1,1,20180804,20180821
1294654,1,1,1,1,1,1,1,20180822,20180902
1294655,1,0,0,0,0,0,0,20180903,20180903
1294656,1,1,1,1,1,1,1,20180904,20190904
1297533,1,1,1,1,1,1,1,20180804,20190810
1297534,1,1,1,1,1,1,1,20180804,20190810
1297531,1,1,1,1,1,1,1,20180804,20190810
1297532,1,1,1,1,1,1,1,20180804,20190810
1280853,0,1,1,0,0,0,0,20181120,20181121
1296171,1,1,1,1,1,0,0,20180804,20180831
1296173,1,1,1,1,1,0,0,20180904,20181116
1296174,1,1,1,0,0,0,0,20181119,20181121
1296176,1,1,1,1,1,0,0,20181123,20191123
1296198,0,0,0,1,0,0,0,20181122,20181122
1272590,0,1,0,0,0,0,0,20181120,20181120
1282226,0,0,0,0,0,0,1,20181125,20181125
1272522,0,0,0,0,0,0,1,20181125,20181125
1282225,0,1,1,0,0,0,0,20181120,20181121
1296298,0,0,0,1,0,0,0,20181122,20181122
1281586,0,0,0,1,0,0,0,20181122,20181122
1272523,0,0,0,1,0,0,0,20181122,20181122
1281572,0,0,0,0,0,0,1,20181125,20181125
1273074,0,0,0,0,0,0,1,20181125,20181125
1282224,0,0,0,0,0,1,0,20181124,20181124
1273165,0,0,0,1,0,0,0,20181122,20181122
1272524,0,0,1,0,0,0,0,20181121,20181121
1281573,0,0,1,0,0,0,0,20181121,20181121
1273120,0,0,1,0,0,0,0,20181121,20181121
1296230,0,1,0,0,0,0,0,20181120,20181120
1281627,0,0,0,0,0,1,0,20181124,20181124
1281585,0,1,0,0,0,0,0,20181120,20181120
1281587,0,1,0,0,0,0,0,20181120,20181120
1272589,0,1,0,0,0,0,0,20181120,20181120
1281571,0,0,1,0,0,0,0,20181121,20181121
1282227,0,1,1,0,0,0,0,20181120,20181121
1282228,0,0,0,0,0,1,1,20181124,20181125
1296144,0,0,0,0,0,0,1,20180804,20180826
1268183,1,0,0,0,0,0,0,20180903,20180903
1268184,0,0,0,0,0,0,1,20180909,20181111
1268185,0,0,0,0,0,0,1,20181118,20191118
1296109,0,0,0,0,0,1,1,20180804,20180819
1282942,0,0,0,0,0,1,1,20180825,20180826
1282943,0,0,0,0,0,1,1,20180901,20181111
1282944,1,0,0,0,0,0,0,20180903,20180903
1282945,0,0,0,0,0,1,1,20181117,20191117
1282946,0,0,0,1,0,0,0,20181122,20181122
1296133,1,1,1,1,1,0,0,20180804,20180831
1296129,1,1,1,1,1,0,0,20180904,20181116
1296130,1,1,1,0,0,0,0,20181119,20181121
1296132,1,1,1,1,1,0,0,20181123,20191123
1296110,0,0,0,0,0,0,1,20180804,20180819
1282948,0,0,0,0,0,0,1,20180826,20180826
1268263,1,0,0,0,0,0,0,20180903,20180903
1268264,0,0,0,0,0,0,1,20180909,20181111
1268265,0,0,0,0,0,0,1,20181118,20191118
1272528,0,1,1,0,0,0,0,20181120,20181121
1296147,1,1,1,1,1,0,0,20180804,20180831
1296148,1,1,1,1,1,0,0,20180904,20181116
1296149,1,0,1,0,0,0,0,20181119,20181121
1296151,1,1,1,1,1,0,0,20181123,20191123
1296111,1,1,1,1,1,0,0,20180806,20180831
1296113,1,1,1,1,1,0,0,20180904,20181116
1296114,1,1,1,0,0,0,0,20181119,20181121
1296116,1,1,1,1,1,0,0,20181123,20191123
1296152,0,0,0,0,0,1,0,20180804,20180818
1282970,0,0,0,0,0,1,0,20180825,20180825
1282971,0,0,0,0,0,1,0,20180901,20181110
1282972,0,0,0,0,0,0,1,20180902,20180902
1282973,0,0,0,0,0,1,0,20181117,20191117
1284800,0,0,0,1,0,0,1,20181122,20181125
1296085,0,0,0,0,0,0,1,20180804,20180819
1282922,0,0,0,0,0,0,1,20180826,20180826
1268365,1,0,0,0,0,0,0,20180903,20180903
1268366,0,0,0,0,0,0,1,20180909,20181111
1268367,0,0,0,0,0,0,1,20181118,20191118
1296153,0,0,0,0,1,0,0,20180804,20181116
1272543,0,0,1,0,0,0,0,20181121,20181121
1272544,0,0,0,0,1,0,0,20181123,20191123
1296117,0,0,0,1,1,0,0,20180804,20181116
1281591,0,1,1,0,0,0,0,20181120,20181121
1281593,0,0,0,1,1,0,0,20181123,20191123
1296237,0,0,0,0,0,1,1,20180804,20181111
1296238,1,0,0,0,0,0,0,20180903,20180903
1296239,0,0,0,0,0,1,1,20181117,20191117
1296240,0,0,0,1,0,0,0,20181122,20181122
1296081,0,0,0,0,1,0,0,20180804,20181116
1264105,0,0,0,0,1,0,0,20181123,20191123
1296246,1,1,1,1,1,0,0,20180804,20180831
1296242,1,1,1,1,1,0,0,20180904,20181116
1296243,1,1,1,0,0,0,0,20181119,20181121
1296245,1,1,1,1,1,0,0,20181123,20191123
1296118,1,1,1,1,1,0,0,20180804,20180831
1268276,1,1,1,1,1,0,0,20180904,20181116
1281595,1,1,1,0,0,0,0,20181119,20181121
1281597,1,1,1,1,1,0,0,20181123,20191123
1296247,0,0,0,0,0,0,1,20180804,20180826
1296249,1,0,0,0,0,0,0,20180903,20180903
1296250,0,0,0,0,0,0,1,20180909,20181111
1296251,0,0,0,0,0,0,1,20181118,20191118
1296082,0,0,0,0,0,1,1,20180804,20180819
1282917,0,0,0,0,0,1,1,20180825,20180826
1282918,0,0,0,0,0,1,1,20180901,20181111
1282919,1,0,0,0,0,0,0,20180903,20180903
1282920,0,0,0,0,0,1,1,20181117,20191117
1296299,1,1,1,1,1,0,0,20180804,20180831
1296301,1,1,1,1,1,0,0,20180904,20181116
1296302,1,1,1,0,0,0,0,20181119,20181121
1296304,1,1,1,1,1,0,0,20181123,20191123
1296305,0,0,0,0,0,1,1,20180804,20180819
1283025,0,0,0,0,0,1,1,20180825,20180826
1283026,0,0,0,0,0,1,1,20180901,20181111
1283027,1,0,0,0,0,0,0,20180903,20180903
1283028,0,0,0,0,0,1,1,20181117,20191117
1296143,0,0,0,0,0,0,1,20180804,20180819
1282964,0,0,0,0,0,0,1,20180826,20180826
1282966,1,0,0,0,0,0,0,20180903,20180903
1282967,0,0,0,0,0,0,1,20180909,20181111
1282968,0,0,0,0,0,0,1,20181118,20191118
1296083,0,0,0,0,0,1,0,20180804,20181110
1281562,0,0,0,0,0,0,1,20180902,20180902
1281563,0,0,0,0,0,1,0,20181117,20191117
1281564,0,0,0,1,0,0,0,20181122,20181122
1296297,0,0,0,0,0,1,0,20180804,20180818
1283019,0,0,0,0,0,1,0,20180825,20180825
1283020,0,0,0,0,0,1,0,20180901,20181110
1283021,0,0,0,0,0,0,1,20180902,20180902
1283022,0,0,0,0,0,1,0,20181117,20191117
1296084,1,1,1,1,1,0,0,20180804,20180831
1281567,1,1,1,1,1,0,0,20180904,20181116
1281568,1,1,1,0,0,0,0,20181119,20181121
1281570,1,1,1,1,1,0,0,20181123,20191123
1296252,0,0,0,0,0,0,1,20180804,20180819
1283001,0,0,0,0,0,0,1,20180826,20180826
1268141,1,0,0,0,0,0,0,20180903,20180903
1268142,0,0,0,0,0,0,1,20180909,20181111
1268143,0,0,0,0,0,0,1,20181118,20191118
1296086,0,0,0,0,0,1,1,20180804,20180819
1282924,0,0,0,0,0,1,1,20180825,20180826
1282925,0,0,0,0,0,1,1,20180901,20181111
1282926,1,0,0,0,0,0,0,20180903,20180903
1282927,0,0,0,0,0,1,1,20181117,20191117
1282928,0,0,0,1,0,0,0,20181122,20181122
1296154,1,1,1,1,1,0,0,20180806,20180831
1296156,1,1,1,1,1,0,0,20180904,20181116
1296157,1,1,1,0,0,0,0,20181119,20181121
1296159,1,1,1,1,1,0,0,20181123,20191123
1263989,0,0,0,0,0,1,1,20181117,20191117
1280833,0,0,0,1,0,0,0,20181122,20181122
1296161,0,0,0,0,0,1,1,20181117,20191117
1296162,0,0,0,1,0,0,0,20181122,20181122
1296120,0,0,0,0,0,0,1,20180804,20180819
1282950,0,0,0,0,0,0,1,20180826,20180826
1282952,1,0,0,0,0,0,0,20180903,20180903
1282953,0,0,0,0,0,0,1,20180909,20181111
1282954,0,0,0,0,0,0,1,20181118,20191118
1296163,0,0,0,0,0,1,1,20180804,20180819
1282976,0,0,0,0,0,1,1,20180825,20180826
1282977,0,0,0,0,0,1,1,20180901,20181111
1282978,0,0,0,0,0,1,1,20181117,20191117
1282979,0,0,0,1,0,0,0,20181122,20181122
1296295,0,0,0,0,0,1,1,20180804,20181111
1268247,1,0,0,0,0,0,0,20180903,20180903
1268248,0,0,0,0,0,1,1,20181117,20191117
1281626,0,0,0,1,0,0,0,20181122,20181122
1296296,0,0,0,0,0,0,1,20180804,20180819
1283018,0,0,0,0,0,0,1,20180826,20180826
1268470,1,0,0,0,0,0,0,20180903,20180903
1268471,0,0,0,0,0,0,1,20180909,20181111
1268472,0,0,0,0,0,0,1,20181118,20191118
1296127,0,0,0,0,0,1,1,20180804,20180819
1282956,0,0,0,0,0,1,1,20180825,20180826
1282957,0,0,0,0,0,1,1,20180901,20181111
1282958,1,0,0,0,0,0,0,20180903,20180903
1282959,0,0,0,0,0,1,1,20181117,20191117
1282960,0,0,0,1,0,0,0,20181122,20181122
1296177,0,0,0,0,0,1,0,20180804,20180818
1282983,0,0,0,0,0,1,0,20180825,20180825
1282984,0,0,0,0,0,1,0,20180901,20181110
1282985,0,0,0,0,0,0,1,20180902,20180902
1282986,0,0,0,0,0,1,0,20181117,20191117
1282987,0,0,0,1,0,0,0,20181122,20181122
1296087,0,0,0,0,0,1,1,20180804,20181111
1269468,1,0,0,0,0,0,0,20180903,20180903
1269469,0,0,0,0,0,1,1,20181117,20191117
1280807,0,0,0,1,0,0,0,20181122,20181122
1296263,0,0,0,0,0,1,1,20180804,20180825
1283003,0,0,0,0,0,0,1,20180826,20180826
1283004,0,0,0,0,0,1,1,20180901,20181111
1283005,1,0,0,0,0,0,0,20180903,20180903
1283006,0,0,0,0,0,1,1,20181117,20191117
1283007,0,0,0,1,0,0,0,20181122,20181122
1296088,0,0,0,0,0,1,1,20180804,20180819
1282934,0,0,0,0,0,1,1,20180825,20180826
1282930,0,0,0,0,0,1,1,20180901,20181111
1282931,1,0,0,0,0,0,0,20180903,20180903
1282932,0,0,0,0,0,1,1,20181117,20191117
1282933,0,0,0,1,0,0,0,20181122,20181122
1296264,0,0,0,0,0,1,0,20180804,20181110
1272511,0,0,0,0,0,0,1,20180902,20180902
1272512,0,0,0,0,0,1,0,20181117,20191117
1272513,0,0,0,1,0,0,0,20181122,20181122
1296307,0,0,0,0,0,1,1,20180804,20181111
1296308,1,0,0,0,0,0,0,20180903,20180903
1296309,0,0,0,0,0,1,1,20181117,20191117
1296265,0,0,0,0,0,1,1,20180804,20181111
1296266,1,0,0,0,0,0,0,20180903,20180903
1296267,0,0,0,0,0,1,1,20181117,20191117
1296268,0,0,0,1,0,0,0,20181122,20181122
1296089,0,0,0,0,0,0,1,20180804,20180826
1296091,1,0,0,0,0,0,0,20180903,20180903
1296092,0,0,0,0,0,0,1,20180909,20181111
1296093,0,0,0,0,0,0,1,20181118,20191118
1296253,0,0,0,0,0,1,0,20180804,20181110
1296254,0,0,0,0,0,0,1,20180902,20180902
1296255,0,0,0,0,0,1,0,20181117,20191117
1296256,0,0,0,1,0,0,0,20181122,20181122
1296108,0,0,0,0,0,1,0,20180804,20180818
1282936,0,0,0,0,0,1,0,20180825,20180825
1282937,0,0,0,0,0,1,0,20180901,20181110
1282938,0,0,0,0,0,0,1,20180902,20180902
1282939,0,0,0,0,0,1,0,20181117,20191117
1282940,0,0,0,1,0,0,0,20181122,20181122
1296269,0,0,0,0,0,1,1,20180804,20181111
1296270,1,0,0,0,0,0,0,20180903,20180903
1296271,0,0,0,0,0,1,1,20181117,20191117
1296272,0,1,0,1,0,0,0,20181120,20181122
1296094,1,1,1,1,1,0,0,20180804,20180831
1296096,1,1,1,1,1,0,0,20180904,20181116
1296097,1,1,1,0,0,0,0,20181119,20181121
1296099,1,1,1,1,1,0,0,20181123,20191123
1296208,1,1,1,1,1,0,0,20180804,20180831
1296210,1,1,1,1,1,0,0,20180904,20181116
1296211,1,1,1,0,0,0,0,20181119,20181121
1296213,1,1,1,1,1,0,0,20181123,20191123
1296100,1,1,1,1,1,0,0,20180804,20180831
1280819,1,1,1,1,1,0,0,20180904,20181116
1280820,1,1,1,0,0,0,0,20181119,20181121
1280822,1,1,1,1,1,0,0,20181123,20191123
1296273,1,1,1,1,1,0,0,20180804,20180831
1296275,1,1,1,1,1,0,0,20180904,20181116
1296276,1,1,1,0,0,0,0,20181119,20181121
1296278,1,1,1,1,1,0,0,20181123,20191123
1296310,1,1,1,1,1,0,0,20180806,20180831
1296312,1,1,1,1,1,0,0,20180904,20181116
1296313,1,1,1,0,0,0,0,20181119,20181121
1296315,1,1,1,1,1,0,0,20181123,20191123
1296279,1,1,1,1,1,0,0,20180804,20180831
1296281,1,1,1,1,1,0,0,20180904,20181116
1296282,1,1,1,0,0,0,0,20181119,20181121
1296284,1,1,1,1,1,0,0,20181123,20191123
1296289,1,1,1,1,1,0,0,20180804,20180831
1296291,1,1,1,1,1,0,0,20180904,20181116
1296292,1,1,1,0,0,0,0,20181119,20181121
1296294,1,1,1,1,1,0,0,20181123,20191123
1296257,1,1,1,1,1,0,0,20180804,20180831
1296259,1,1,1,1,1,0,0,20180904,20181116
1296260,1,1,1,0,0,0,0,20181119,20181121
1296262,1,1,1,1,1,0,0,20181123,20191123
1296101,1,1,1,1,1,0,0,20180804,20180831
1281576,1,1,1,1,1,0,0,20180904,20181116
1281577,1,0,0,0,1,0,0,20181119,20181123
1281578,1,1,1,0,0,0,0,20181120,20181126
1281580,1,1,1,1,1,0,0,20181127,20191127
1296231,1,1,1,1,1,0,0,20180804,20180831
1296233,1,1,1,1,1,0,0,20180904,20181116
1296234,1,0,1,0,0,0,0,20181119,20181121
1296236,1,1,1,1,1,0,0,20181123,20191123
1296121,1,1,1,1,1,0,0,20180804,20180831
1268287,1,1,1,1,1,0,0,20180904,20181116
1280835,1,1,1,0,0,0,0,20181119,20181121
1280837,1,1,1,1,1,0,0,20181123,20191123
1296122,1,1,1,1,1,0,0,20180804,20180831
1269459,1,1,1,1,1,0,0,20180904,20181116
1280839,1,1,1,0,0,0,0,20181119,20181121
1280841,1,1,1,1,1,0,0,20181123,20191123
1296178,1,1,1,1,1,0,0,20180804,20180831
1296180,1,1,1,1,1,0,0,20180904,20181116
1296181,1,1,1,0,0,0,0,20181119,20181121
1296183,1,1,1,1,1,0,0,20181123,20191123
1296123,1,1,1,1,1,0,0,20180804,20180831
1280844,1,1,1,1,1,0,0,20180904,20181116
1280845,1,0,0,0,0,0,0,20181119,20181119
1280849,1,1,1,1,1,0,0,20181123,20191123
1296184,1,1,1,1,1,0,0,20180804,20180831
1296186,1,1,1,1,1,0,0,20180904,20181116
1296187,1,1,1,0,0,0,0,20181119,20181121
1296189,1,1,1,1,1,0,0,20181123,20191123
1296124,1,1,1,1,1,0,0,20180804,20180831
1281600,1,1,1,1,1,0,0,20180904,20181116
1281601,1,1,1,0,0,0,0,20181119,20181121
1281603,1,1,1,1,1,0,0,20181123,20191123
1296190,1,1,1,1,1,0,0,20180804,20180831
1296192,1,1,1,1,1,0,0,20180904,20181116
1296193,1,1,1,0,0,0,0,20181119,20181121
1296195,1,1,1,1,1,0,0,20181123,20191123
1296164,0,0,0,0,0,0,1,20180804,20180819
1282981,0,0,0,0,0,0,1,20180826,20180826
1268204,1,0,0,0,0,0,0,20180903,20180903
1268205,0,0,0,0,0,0,1,20180909,20181111
1268206,0,0,0,0,0,0,1,20181118,20191118
1296102,1,1,1,1,1,0,0,20180806,20180831
1296104,1,1,1,1,1,0,0,20180904,20181116
1296105,1,1,1,0,0,0,0,20181119,20181121
1296107,1,1,1,1,1,0,0,20181123,20191123
1296128,0,0,0,0,0,1,0,20180804,20181110
1281615,0,0,0,0,0,0,1,20180902,20180902
1281616,0,0,0,0,0,1,0,20181117,20191117
1281617,0,0,0,1,0,0,0,20181122,20181122
1296165,1,1,1,1,1,0,0,20180804,20180831
1296167,1,1,1,1,1,0,0,20180904,20181116
1296168,1,1,1,0,0,0,0,20181119,20181121
1296170,1,1,1,1,1,0,0,20181123,20191123
1296287,0,0,0,0,0,1,0,20180804,20180818
1283011,0,0,0,0,0,1,0,20180825,20180825
1283012,0,0,0,0,0,1,0,20180901,20181110
1283013,0,0,0,0,0,0,1,20180902,20180902
1283014,0,0,0,1,0,1,0,20181117,20181122
1283015,0,0,0,0,0,1,0,20181124,20181124
1283016,0,0,0,0,0,1,0,20181201,20191201
1296207,0,0,0,0,0,1,1,20180804,20180819
1282989,0,0,0,0,0,1,1,20180825,20180826
1282990,0,0,0,0,0,1,1,20180901,20181111
1282991,1,0,0,0,0,0,0,20180903,20180903
1282992,0,0,0,0,0,1,1,20181117,20191117
1282993,0,0,0,1,0,0,0,20181122,20181122
1296125,1,1,1,1,0,0,0,20180804,20180830
1281606,1,1,1,1,0,0,0,20180904,20181115
1281607,1,0,0,0,0,0,0,20181119,20181119
1281611,1,1,1,1,0,0,0,20181126,20191126
1296215,0,0,0,0,1,1,0,20180804,20190810
1296216,0,0,0,0,0,0,1,20180902,20180902
1296217,0,0,1,0,0,0,0,20181121,20181121
1296288,1,1,1,1,1,1,1,20180804,20190810
1296220,1,1,1,1,0,0,1,20180805,20180830
1296219,1,1,1,1,0,0,1,20180903,20181120
1296222,1,1,1,1,0,0,1,20181122,20191122
1296135,0,0,0,0,0,1,0,20180804,20181110
1272639,0,0,0,0,0,0,1,20180902,20180902
1272640,0,0,0,0,0,1,0,20181117,20191117
1272641,0,0,0,1,0,0,0,20181122,20181122
1296316,0,0,0,0,0,1,0,20180804,20180804
1296317,0,0,0,0,0,1,0,20180811,20181110
1296318,1,0,0,0,0,0,0,20180903,20180903
1296319,0,0,0,1,0,1,0,20181117,20181122
1296321,0,0,0,0,0,1,0,20181201,20191201
1296214,0,0,0,0,1,0,0,20180804,20181116
1272592,0,0,1,0,0,0,0,20181121,20181121
1272594,0,0,0,0,1,0,0,20181130,20191130
1296323,1,1,1,1,1,0,0,20180804,20180831
1280888,1,1,1,1,1,0,0,20180904,20181116
1280889,1,0,1,0,0,0,0,20181119,20181121
1280890,0,1,0,0,0,0,0,20181120,20181120
1280892,1,1,1,1,1,0,0,20181123,20191123
1296136,1,1,1,1,1,0,0,20180806,20180831
1296141,1,1,1,1,1,0,0,20180904,20181116
1296137,1,1,1,0,0,0,0,20181119,20181121
1296139,1,1,1,1,1,0,0,20181123,20191123
1296306,1,1,1,1,1,0,0,20180804,20180831
1268324,1,1,1,1,1,0,0,20180904,20181116
1280872,1,1,1,0,0,0,0,20181119,20181121
1280874,1,1,1,1,1,0,0,20181123,20191123
1296142,0,0,0,0,0,0,1,20180804,20180819
1282961,0,0,0,0,0,0,1,20180826,20180826
1268464,1,0,0,0,0,0,0,20180903,20180903
1268465,0,0,0,0,0,0,1,20180909,20181111
1268466,0,0,0,0,0,0,1,20181118,20191118
1296322,0,0,0,0,0,1,1,20180804,20180819
1283030,0,0,0,0,0,1,1,20180825,20180826
1283031,0,0,0,0,0,1,1,20180901,20181111
1283032,1,0,0,0,0,0,0,20180903,20180903
1283033,0,0,0,0,0,1,1,20181117,20191117
1283034,0,0,0,1,0,0,0,20181122,20181122
1296199,1,1,1,1,0,0,0,20180804,20180830
1296201,1,1,1,1,0,0,0,20180904,20181115
1296202,1,0,0,0,1,0,0,20181119,20181123
1296203,0,1,0,0,0,0,0,20181120,20181120
1296205,1,1,1,1,0,0,0,20181126,20191126
1296285,1,1,1,1,1,0,0,20180804,20180831
1281620,1,1,1,1,1,0,0,20180904,20181116
1281621,1,1,0,0,0,0,0,20181119,20181120
1281622,0,0,1,0,0,0,0,20181121,20181121
1281624,1,1,1,1,1,0,0,20181123,20191123
1296223,1,1,1,1,1,0,0,20180804,20180831
1296225,1,1,1,1,1,0,0,20180904,20181116
1296226,1,1,1,0,0,0,0,20181119,20181121
1296228,1,1,1,1,1,0,0,20181123,20191123
1296286,0,0,0,0,0,0,1,20180804,20180819
1283009,0,0,0,0,0,0,1,20180826,20180826
1268359,1,0,0,0,0,0,0,20180903,20180903
1268360,0,0,0,0,0,0,1,20180909,20181111
1268361,0,0,0,0,0,0,1,20181118,20191118
1296229,0,0,0,0,0,1,1,20180804,20180819
1282994,0,0,0,0,0,1,1,20180825,20180826
1282995,0,0,0,0,0,1,1,20180901,20181111
1282996,1,0,0,0,0,0,0,20180903,20180903
1282997,0,0,0,0,0,1,1,20181117,20191117
1282998,0,0,0,1,0,0,0,20181122,20181122
1296536,0,0,0,0,0,1,1,20180804,20180902
1276511,1,0,0,0,0,0,0,20180903,20180903
1276512,0,0,0,0,0,1,1,20180908,20180909
1276513,0,0,0,0,0,1,1,20180915,20190915
1296557,0,0,0,0,0,1,1,20180804,20180902
1277483,1,0,0,0,0,0,0,20180903,20180903
1277484,0,0,0,0,0,1,1,20180908,20180909
1277485,0,0,0,0,0,1,1,20180915,20190915
1296535,0,0,0,0,0,1,1,20180804,20180902
1276507,1,0,0,0,0,0,0,20180903,20180903
1276508,0,0,0,0,0,1,1,20180908,20180909
1276509,0,0,0,0,0,1,1,20180915,20190915
1296534,0,0,0,0,0,1,1,20180804,20180902
1277467,1,0,0,0,0,0,0,20180903,20180903
1277468,0,0,0,0,0,1,1,20180908,20180909
1277469,0,0,0,0,0,1,1,20180915,20190915
1296558,1,1,1,1,1,0,0,20180804,20180831
1291112,0,1,1,1,1,0,0,20180904,20180907
1291113,1,0,0,0,0,0,0,20180910,20180910
1291114,1,1,1,1,1,0,0,20180911,20190911
1296537,1,1,1,1,1,1,1,20180804,20180907
1291098,1,1,1,1,1,1,1,20180910,20190910
1296538,1,1,1,1,1,1,1,20180804,20180907
1276515,0,0,0,0,0,1,1,20180908,20180909
1276516,1,1,1,1,1,1,1,20180910,20190910
1296559,1,1,1,1,1,1,1,20180804,20180907
1291116,1,1,1,1,1,1,1,20180910,20190910
1296539,1,1,1,1,1,0,0,20180804,20180831
1296541,1,1,1,1,1,0,0,20180904,20190904
1296560,1,1,1,1,1,0,0,20180804,20180831
1296562,1,1,1,1,1,0,0,20180904,20190904
1296542,0,0,0,0,0,1,1,20180804,20180902
1296543,1,1,1,1,1,0,0,20180804,20180831
1296544,1,0,0,0,0,0,0,20180903,20180903
1296545,0,1,1,1,1,0,0,20180904,20180907
1296546,0,0,0,0,0,1,1,20180908,20180909
1296547,1,1,1,1,1,1,1,20180910,20190910
1296563,1,1,1,1,1,1,1,20180804,20180907
1277487,0,0,0,0,0,1,1,20180908,20180909
1277488,1,1,1,1,1,1,1,20180910,20190910
1296564,1,1,1,1,1,1,1,20180804,20180907
1291120,1,1,1,1,1,1,1,20180910,20190910
1296548,1,1,1,1,1,1,1,20180804,20180907
1276525,0,0,0,0,0,1,1,20180908,20180909
1276526,1,1,1,1,1,1,1,20180910,20190910
1296565,0,0,0,0,0,1,1,20180804,20180902
1296566,1,1,1,1,1,0,0,20180804,20180831
1296567,1,0,0,0,0,0,0,20180903,20180903
1296568,0,1,1,1,1,0,0,20180904,20180907
1296569,0,0,0,0,0,1,1,20180908,20180909
1296570,1,1,1,1,1,1,1,20180910,20190910
1296549,1,1,1,1,1,1,1,20180804,20180907
1291102,1,1,1,1,1,1,1,20180910,20190910
1296550,1,1,1,1,1,0,0,20180804,20180831
1296552,1,1,1,1,1,0,0,20180904,20190904
1296571,0,0,0,0,0,1,1,20180804,20180902
1296572,1,1,1,1,1,0,0,20180804,20180831
1296573,1,0,0,0,0,0,0,20180903,20180903
1296574,0,1,1,1,1,0,0,20180904,20180907
1296575,0,0,0,0,0,1,1,20180908,20180909
1296576,1,1,1,1,1,1,1,20180910,20190910
1296577,1,1,1,1,1,1,1,20180804,20180907
1277504,0,0,0,0,0,1,1,20180908,20180909
1277505,1,1,1,1,1,1,1,20180910,20190910
1291103,0,1,0,0,1,0,0,20180728,20180731
1291104,0,0,1,0,0,1,0,20180801,20180804
1296531,1,1,1,1,1,0,0,20180804,20180831
1296533,1,1,1,1,1,0,0,20180904,20190904
1296554,1,1,1,1,1,1,1,20180804,20180907
1277473,0,0,0,0,0,1,1,20180908,20180909
1277474,1,1,1,1,1,1,1,20180910,20190910
1296579,0,0,0,0,0,1,1,20180804,20180902
1296580,1,1,1,1,1,0,0,20180804,20180831
1296581,1,0,0,0,0,0,0,20180903,20180903
1296582,0,1,1,1,1,0,0,20180904,20180907
1296583,0,0,0,0,0,1,1,20180908,20180909
1296584,1,1,1,1,1,1,1,20180910,20190910
1296555,1,1,1,1,1,1,1,20180804,20180907
1277477,0,0,0,0,0,1,1,20180908,20180909
1277478,1,1,1,1,1,1,1,20180910,20190910
1296578,1,1,1,1,1,1,1,20180804,20180907
1276528,0,0,0,0,0,1,1,20180908,20180909
1276529,1,1,1,1,1,1,1,20180910,20190910
1296556,1,1,1,1,1,1,1,20180804,20180907
1277480,0,0,0,0,0,1,1,20180908,20180909
1277481,1,1,1,1,1,1,1,20180910,20190910
1296592,1,1,1,1,1,1,1,20180804,20180907
1276548,0,0,0,0,0,1,1,20180908,20180909
1276549,1,1,1,1,1,1,1,20180910,20190910
1296553,1,1,1,1,1,1,1,20180804,20180907
1277471,0,0,0,0,0,1,1,20180908,20180909
1277472,1,1,1,1,1,1,1,20180910,20190910
1296585,1,1,1,1,1,1,1,20180804,20180906
1276538,0,0,0,0,1,1,1,20180907,20180909
1276539,1,1,1,1,1,1,1,20180910,20190910
1296586,0,0,0,0,0,1,1,20180804,20180902
1296587,1,1,1,1,1,0,0,20180804,20180831
1296588,1,0,0,0,0,0,0,20180903,20180903
1296589,0,1,1,1,0,0,0,20180904,20180906
1296590,0,0,0,0,1,1,1,20180907,20180909
1296591,1,1,1,1,1,1,1,20180910,20190910
1296630,0,0,0,0,0,1,1,20180804,20190810
1296631,1,1,1,1,1,0,0,20180804,20181116
1296632,1,1,1,0,0,0,0,20181119,20181121
1296633,0,0,0,1,0,0,0,20181122,20181122
1296634,1,1,1,1,1,0,0,20181123,20191123
1296637,1,1,1,1,1,1,1,20180804,20181116
1264730,1,1,1,1,1,1,1,20181117,20191117
1296620,1,1,1,1,1,1,1,20180804,20181116
1260769,1,1,1,1,1,1,1,20181117,20191117
1296619,1,1,1,1,1,1,1,20180804,20190810
1296414,1,1,1,1,1,1,1,20180804,20190810
1296413,1,1,1,1,1,1,1,20180804,20190810
1295861,1,1,1,1,1,1,1,20180804,20181026
1260732,0,0,0,0,0,1,0,20181027,20181027
1260733,1,1,1,1,1,1,1,20181028,20191028
1295857,1,1,1,1,1,1,1,20180804,20181026
1260729,0,0,0,0,0,1,0,20181027,20181027
1260730,1,1,1,1,1,1,1,20181028,20191028
1295859,1,1,1,1,1,1,1,20180804,20181026
1260734,0,0,0,0,0,1,0,20181027,20181027
1260735,1,1,1,1,1,1,1,20181028,20191028
1295856,1,1,1,1,1,1,1,20180804,20181026
1260726,0,0,0,0,0,1,0,20181027,20181027
1260727,1,1,1,1,1,1,1,20181028,20191028
1295860,1,1,1,1,1,1,1,20180804,20181011
1263805,1,1,1,1,1,1,1,20181012,20181021
1263806,1,1,1,1,1,0,0,20181022,20181026
1263807,0,0,0,0,0,1,0,20181027,20181027
1263808,1,1,1,1,1,1,1,20181028,20191028
1295858,1,1,1,1,1,1,1,20180804,20181026
1263813,0,0,0,0,0,1,0,20181027,20181027
1263814,1,1,1,1,1,1,1,20181028,20191028
1297539,1,1,1,1,1,1,1,20180804,20190810
1297540,1,1,1,1,1,1,1,20180804,20190810
1296529,0,0,0,0,0,1,1,20180804,20190810
1296530,1,0,0,0,0,0,0,20180903,20180903
1296528,1,1,1,1,1,0,0,20180804,20180831
1295083,1,1,1,1,1,0,0,20180904,20190904
1296526,1,1,1,1,1,1,1,20180804,20190810
1296513,1,1,1,1,1,1,1,20180804,20190810
1296525,1,1,1,1,1,1,1,20180804,20190810
1296520,1,1,1,1,1,1,0,20180804,20180901
1296521,0,0,0,0,0,0,1,20180804,20190810
1256484,1,0,0,0,0,0,0,20180903,20180903
1282237,1,1,1,1,1,1,0,20180904,20181012
1282238,0,0,0,0,0,1,0,20181013,20181013
1282239,1,1,1,1,1,1,0,20181015,20181121
1256486,0,0,0,1,1,0,0,20181122,20181123
1256487,1,1,1,1,1,1,0,20181124,20181224
1256488,0,1,0,0,0,0,0,20181225,20190101
1256489,1,0,1,1,1,1,0,20181226,20181231
1256490,1,1,1,1,1,1,0,20190102,20200102
1296518,1,1,1,1,1,1,1,20180804,20190810
1296522,1,1,1,1,1,1,1,20180804,20190810
1296514,1,1,1,1,1,1,1,20180804,20181012
1282230,0,0,0,0,0,1,0,20181013,20181013
1282231,1,1,1,1,1,1,1,20181014,20191014
1296523,1,1,1,1,1,1,1,20180804,20190810
1296515,1,1,1,1,1,1,1,20180804,20190810
1296524,1,1,1,1,1,1,1,20180804,20181012
1282241,0,0,0,0,0,1,0,20181013,20181013
1282242,1,1,1,1,1,1,1,20181014,20191014
1296516,1,1,1,1,1,1,1,20180804,20181012
1282233,0,0,0,0,0,1,0,20181013,20181013
1282234,1,1,1,1,1,1,1,20181014,20191014
1296519,1,1,1,1,1,1,1,20180804,20190810
1296517,1,1,1,1,1,1,1,20180804,20190810
1296438,0,0,0,0,0,1,1,20180804,20190810
1296439,1,0,0,0,0,0,0,20180903,20180903
1296440,0,0,0,1,0,0,0,20181122,20181122
1296441,0,0,0,0,0,0,1,20180804,20180826
1296443,1,0,0,0,0,0,0,20180903,20180903
1296444,0,0,0,0,0,0,1,20180909,20190909
1296415,1,1,1,1,0,0,0,20180804,20180830
1281630,1,1,1,1,0,0,0,20180904,20181121
1281632,1,1,1,1,0,0,0,20181126,20191126
1296419,0,0,0,0,0,0,1,20180804,20180826
1296417,1,0,0,0,0,0,0,20180903,20180903
1296418,0,0,0,0,0,0,1,20180909,20190909
1296445,1,1,1,1,1,0,0,20180804,20180831
1296447,1,1,1,1,1,0,0,20180904,20181121
1296449,1,1,1,1,1,0,0,20181123,20191123
1296420,0,0,0,0,0,0,1,20180804,20180826
1296422,1,0,0,0,0,0,0,20180903,20180903
1296423,0,0,0,0,0,0,1,20180909,20190909
1296424,0,0,0,0,0,1,1,20180804,20190810
1264507,1,0,0,0,0,0,0,20180903,20180903
1280894,0,0,0,1,0,0,0,20181122,20181122
1296450,1,1,1,1,1,0,0,20180804,20180831
1296452,1,1,1,1,1,0,0,20180904,20181121
1296454,1,1,1,1,1,0,0,20181123,20191123
1296425,0,0,0,0,0,1,1,20180804,20190810
1264510,1,0,0,0,0,0,0,20180903,20180903
1280896,0,0,0,1,0,0,0,20181122,20181122
1296455,0,0,0,0,0,1,1,20180804,20190810
1296456,1,0,0,0,0,0,0,20180903,20180903
1296457,0,0,0,1,0,0,0,20181122,20181122
1296458,0,0,0,0,0,1,0,20180804,20190810
1264452,0,0,0,0,0,0,1,20180902,20180902
1296426,0,0,0,0,0,1,1,20180804,20190810
1264513,1,0,0,0,0,0,0,20180903,20180903
1280898,0,0,0,1,0,0,0,20181122,20181122
1296459,0,0,0,0,0,0,1,20180804,20180826
1296461,1,0,0,0,0,0,0,20180903,20180903
1296462,0,0,0,0,0,0,1,20180909,20190909
1296463,0,0,0,0,0,1,0,20180804,20190810
1273174,0,0,0,0,0,0,1,20180902,20180902
1273176,0,0,0,1,0,0,0,20181122,20181122
1296427,1,1,1,1,1,0,0,20180804,20180831
1280900,1,1,1,1,1,0,0,20180904,20181121
1280902,1,1,1,1,1,0,0,20181123,20191123
1296464,1,1,1,1,1,0,0,20180804,20180831
1296466,1,1,1,1,1,0,0,20180904,20181121
1296468,1,1,1,1,1,0,0,20181123,20191123
1296469,1,1,1,1,1,0,0,20180804,20180831
1296471,1,1,1,1,1,0,0,20180904,20181121
1296473,1,1,1,1,1,0,0,20181123,20191123
1296428,1,1,1,1,1,0,0,20180804,20180831
1296430,1,1,1,1,1,0,0,20180904,20190904
1296474,1,1,1,1,1,0,0,20180804,20180831
1296476,1,1,1,1,1,0,0,20180904,20181121
1296478,1,1,1,1,1,0,0,20181123,20191123
1296431,1,1,1,1,1,0,0,20180804,20180831
1280904,1,1,1,1,1,0,0,20180904,20181121
1280906,1,1,1,1,1,0,0,20181123,20191123
1296432,1,1,1,1,1,0,0,20180804,20180831
1296434,1,1,1,1,1,0,0,20180904,20190904
1296479,1,1,1,1,1,0,0,20180804,20180831
1296481,1,1,1,1,1,0,0,20180904,20181121
1296483,1,1,1,1,1,0,0,20181123,20191123
1296435,0,0,0,0,0,1,1,20180804,20190810
1264536,1,0,0,0,0,0,0,20180903,20180903
1280908,0,0,0,1,0,0,0,20181122,20181122
1296436,1,1,1,1,1,0,0,20180804,20180831
1280910,1,1,1,1,1,0,0,20180904,20181121
1280912,1,1,1,1,1,0,0,20181123,20191123
1296437,1,1,1,1,1,0,0,20180804,20180831
1280914,1,1,1,1,1,0,0,20180904,20181121
1280916,1,1,1,1,1,0,0,20181123,20191123
1296484,1,1,1,1,1,0,0,20180804,20180831
1296486,1,1,1,1,1,0,0,20180904,20181121
1296488,1,1,1,1,1,0,0,20181123,20191123
1296489,0,0,0,0,0,0,1,20180804,20180826
1296491,1,0,0,0,0,0,0,20180903,20180903
1296492,0,0,0,0,0,0,1,20180909,20190909
1296638,1,1,1,1,1,1,1,20180804,20181116
1264738,1,1,1,1,1,1,1,20181117,20191117
1296639,1,1,1,1,1,1,1,20180804,20190810
1297389,1,1,1,1,1,1,1,20180804,20190810
1297390,1,1,1,1,1,1,1,20180804,20190810
1286219,0,0,0,0,0,1,0,20190309,20190309
1297366,1,1,1,1,1,1,1,20180804,20181103
1295293,1,1,1,1,1,1,1,20181104,20190308
1295295,1,1,1,1,1,1,1,20190310,20200310
1297365,1,1,1,1,1,1,1,20180804,20181103
1295290,1,1,1,1,1,1,1,20181104,20190308
1295291,1,1,1,1,1,1,1,20190309,20200309
1297538,0,1,0,0,1,0,1,20180804,20181030
1265417,0,1,0,0,1,0,1,20181102,20191102
1297537,0,0,1,0,1,0,1,20180804,20181102
1265419,0,0,1,0,1,0,1,20181104,20191104
1296399,1,1,1,1,1,1,1,20180804,20190810
1296401,1,1,1,1,1,1,1,20180804,20190810
1296398,1,1,1,1,1,1,1,20180804,20190810
1296402,1,1,1,1,1,1,1,20180804,20190810
1296400,0,1,0,0,1,0,1,20180804,20181030
1264400,0,1,0,0,1,0,1,20181102,20191102
1296397,0,0,1,0,1,0,1,20180804,20181102
1264404,0,0,1,0,1,0,1,20181104,20191104
1296493,0,0,0,0,0,1,1,20180804,20181111
1264559,1,0,0,0,0,0,0,20180903,20180903
1264560,0,0,0,0,0,1,1,20181117,20191117
1280918,0,0,0,1,0,0,0,20181122,20181122
1296495,1,1,1,1,1,0,0,20180804,20180831
1296497,1,1,1,1,1,0,0,20180904,20181116
1296498,1,1,1,0,0,0,0,20181119,20181121
1296500,1,1,1,1,1,0,0,20181123,20191123
1296494,1,1,1,1,1,0,0,20180804,20180831
1264565,1,1,1,1,1,0,0,20180904,20181116
1280920,1,1,1,0,0,0,0,20181119,20181121
1280922,1,1,1,1,1,0,0,20181123,20191123
1296501,0,0,0,0,0,1,1,20180804,20181111
1296502,1,0,0,0,0,0,0,20180903,20180903
1296503,0,0,0,0,0,1,1,20181117,20191117
1296504,0,0,0,1,0,0,0,20181122,20181122
1296408,1,1,1,1,1,0,0,20180804,20190810
1296403,1,1,1,1,1,0,0,20180804,20190810
1296410,0,0,0,0,0,1,1,20180804,20190810
1296409,1,1,1,1,1,0,0,20180804,20190810
1296405,0,0,0,0,0,1,1,20180804,20190810
1296404,1,1,1,1,1,0,0,20180804,20190810
1296412,0,0,0,0,0,1,1,20180804,20190810
1296411,1,1,1,1,1,0,0,20180804,20190810
1296407,0,0,0,0,0,1,1,20180804,20190810
1296406,1,1,1,1,1,0,0,20180804,20190810
1298450,1,1,1,1,1,1,1,20180804,20190810
1298537,1,1,1,1,1,0,0,20180804,20180831
1278536,1,1,1,1,1,0,0,20180904,20181121
1278538,1,1,1,1,1,0,0,20181126,20191126
1298481,1,1,1,1,1,0,0,20180804,20180831
1278458,1,1,1,1,1,0,0,20180904,20181121
1278460,1,1,1,1,1,0,0,20181126,20191126
1298483,1,1,1,1,1,0,0,20180804,20180831
1278466,1,1,1,1,1,0,0,20180904,20181121
1278468,1,1,1,1,1,0,0,20181126,20191126
1298480,1,1,1,1,1,0,0,20180804,20180831
1278454,1,1,1,1,1,0,0,20180904,20181121
1278456,1,1,1,1,1,0,0,20181126,20191126
1298482,1,1,1,1,1,0,0,20180804,20180831
1278462,1,1,1,1,1,0,0,20180904,20181121
1278464,1,1,1,1,1,0,0,20181126,20191126
1298451,1,1,1,1,1,0,0,20180804,20180831
1278398,1,1,1,1,1,0,0,20180904,20181121
1278400,1,1,1,1,1,0,0,20181126,20191126
1298373,1,1,1,1,1,0,0,20180804,20180831
1278297,1,1,1,1,1,0,0,20180904,20181121
1278299,1,1,1,1,1,0,0,20181126,20191126
1298374,1,1,1,1,1,0,0,20180804,20180831
1278301,1,1,1,1,1,0,0,20180904,20181121
1278303,1,1,1,1,1,0,0,20181126,20191126
1298375,1,1,1,1,1,0,0,20180804,20180831
1278305,1,1,1,1,1,0,0,20180904,20181121
1278307,1,1,1,1,1,0,0,20181126,20191126
1298376,1,1,1,1,1,0,0,20180804,20180831
1278309,1,1,1,1,1,0,0,20180904,20181121
1278310,1,1,1,1,1,0,0,20181126,20191126
1294230,0,0,0,0,0,1,1,20180804,20180805
1294231,0,0,0,0,0,1,0,20180811,20180811
1294232,0,0,0,0,0,1,1,20180812,20190812
1270497,1,0,0,0,0,0,0,20180903,20180903
1278540,0,0,0,1,1,0,0,20181122,20181123
1298370,1,1,1,1,1,1,1,20180804,20190810
1298444,1,1,1,1,1,1,1,20180804,20190810
1298347,1,1,1,1,1,1,1,20180804,20190810
1298348,1,1,1,1,1,1,1,20180804,20190810
1298520,1,1,1,1,1,0,0,20180804,20180831
1278516,1,1,1,1,1,0,0,20180904,20181121
1278518,1,1,1,1,1,0,0,20181126,20191126
1298349,1,1,1,1,1,1,1,20180804,20190810
1298521,0,0,0,0,0,1,1,20180804,20190810
1270369,1,0,0,0,0,0,0,20180903,20180903
1278520,0,0,0,1,1,0,0,20181122,20181123
1298379,1,1,1,1,1,1,1,20180804,20190810
1298443,1,1,1,1,1,1,1,20180804,20190810
1298380,1,1,1,1,1,1,1,20180804,20190810
1298350,1,1,1,1,1,1,1,20180804,20180812
1291585,1,1,1,1,1,1,1,20180813,20180902
1291587,1,1,1,1,1,1,1,20180904,20181120
1291589,0,0,0,1,1,1,0,20181122,20181124
1291590,1,1,1,1,1,1,1,20181126,20191126
1298510,1,1,1,1,1,0,0,20180804,20180831
1278484,1,1,1,1,1,0,0,20180904,20181121
1278486,1,1,1,1,1,0,0,20181126,20191126
1298517,1,1,1,1,1,0,0,20180804,20180831
1278510,1,1,1,1,1,0,0,20180904,20181121
1278512,1,1,1,1,1,0,0,20181126,20191126
1298518,1,1,1,1,1,1,1,20180804,20190810
1298351,1,1,1,1,1,1,1,20180804,20190810
1298512,1,1,1,1,1,0,0,20180804,20180831
1278490,1,1,1,1,1,0,0,20180904,20181121
1278492,1,1,1,1,1,0,0,20181126,20191126
1298505,1,1,1,1,1,0,0,20180804,20180831
1278478,1,1,1,1,1,0,0,20180904,20181121
1278480,1,1,1,1,1,0,0,20181126,20191126
1298511,0,0,0,0,0,1,1,20180804,20190810
1270633,1,0,0,0,0,0,0,20180903,20180903
1278488,0,0,0,1,1,0,0,20181122,20181123
1298519,0,0,0,0,0,1,1,20180804,20190810
1270377,1,0,0,0,0,0,0,20180903,20180903
1278514,0,0,0,1,1,0,0,20181122,20181123
1298506,0,0,0,0,0,1,1,20180804,20190810
1270640,1,0,0,0,0,0,0,20180903,20180903
1278482,0,0,0,1,1,0,0,20181122,20181123
1298352,1,1,1,1,1,0,0,20180804,20180831
1278274,1,1,1,1,1,0,0,20180904,20181121
1278276,1,1,1,1,1,0,0,20181126,20191126
1298533,1,1,1,1,1,1,1,20180804,20190810
1298534,1,1,1,1,1,1,1,20180804,20190810
1298354,1,1,1,1,1,0,0,20180804,20180831
1278282,1,1,1,1,1,0,0,20180904,20181121
1278284,1,1,1,1,1,0,0,20181126,20191126
1298355,1,1,1,1,1,1,1,20180804,20190810
1298513,1,1,1,1,1,0,0,20180804,20180831
1278494,1,1,1,1,1,0,0,20180904,20181121
1278496,1,1,1,1,1,0,0,20181126,20191126
1298514,1,1,1,1,1,0,0,20180804,20180831
1278498,1,1,1,1,1,0,0,20180904,20181121
1278500,1,1,1,1,1,0,0,20181126,20191126
1298515,1,1,1,1,1,0,0,20180804,20180831
1278502,1,1,1,1,1,0,0,20180904,20181121
1278504,1,1,1,1,1,0,0,20181126,20191126
1298516,1,1,1,1,1,0,0,20180804,20180831
1278506,1,1,1,1,1,0,0,20180904,20181121
1278508,1,1,1,1,1,0,0,20181126,20191126
1298353,1,1,1,1,1,0,0,20180804,20180831
1278278,1,1,1,1,1,0,0,20180904,20181121
1278280,1,1,1,1,1,0,0,20181126,20191126
1298383,1,1,1,1,1,1,1,20180804,20190810
1298384,1,1,1,1,1,1,1,20180804,20181115
1278321,0,0,1,0,1,0,0,20181116,20181121
1278322,1,1,0,0,0,1,1,20181117,20181120
1278323,1,1,1,1,1,1,1,20181122,20191122
1298507,1,1,1,1,1,1,1,20180804,20190810
1298576,1,1,1,1,1,0,0,20180804,20180831
1278571,1,1,1,1,1,0,0,20180904,20181121
1278573,1,1,1,1,1,0,0,20181126,20191126
1298577,1,1,1,1,1,1,1,20180804,20190810
1298381,1,1,1,1,1,1,1,20180804,20190810
1298578,1,1,1,1,1,1,1,20180804,20190810
1298508,1,1,1,1,1,1,1,20180804,20190810
1298579,1,1,1,1,1,1,1,20180804,20190810
1298382,1,1,1,1,1,1,1,20180804,20190810
1298580,0,0,0,0,0,1,1,20180804,20190810
1269270,1,0,0,0,0,0,0,20180903,20180903
1278575,0,0,0,1,1,0,0,20181122,20181123
1298541,1,1,1,1,1,0,0,20180804,20180831
1278547,1,1,1,1,1,0,0,20180904,20181121
1278549,1,1,1,1,1,0,0,20181126,20191126
1298571,1,1,1,1,1,1,1,20180804,20190810
1298542,1,1,1,1,1,1,1,20180804,20190810
1298543,1,1,1,1,1,1,1,20180804,20190810
1298575,1,1,1,1,1,1,1,20180804,20190810
1298509,1,1,1,1,1,1,1,20180804,20190810
1298572,1,1,1,1,1,1,1,20180804,20190810
1298573,1,1,1,1,1,1,1,20180804,20190810
1298544,0,0,0,0,0,1,1,20180804,20190810
1269303,1,0,0,0,0,0,0,20180903,20180903
1278551,0,0,0,1,1,0,0,20181122,20181123
1298574,1,1,1,1,1,1,1,20180804,20190810
1298548,1,1,1,1,1,1,1,20180804,20180830
1278562,1,0,0,0,1,0,0,20180831,20180903
1278563,0,0,0,0,0,1,1,20180901,20180902
1278564,1,1,1,1,1,1,1,20180904,20181109
1278565,0,0,0,0,0,1,0,20181110,20181110
1278566,1,1,1,1,1,1,1,20181111,20181120
1278567,0,0,1,0,0,0,1,20181121,20181125
1278568,0,0,0,1,1,1,0,20181122,20181124
1278569,1,1,1,1,1,1,1,20181126,20191126
1298566,1,1,1,1,1,1,1,20180804,20190810
1298545,1,1,1,1,1,1,1,20180804,20190810
1298567,1,1,1,1,1,1,1,20180804,20190810
1298546,1,1,1,1,1,1,1,20180804,20190810
1298568,1,1,1,1,1,1,1,20180804,20190810
1298547,1,1,1,1,1,1,1,20180804,20180830
1278553,1,0,0,0,1,0,0,20180831,20180903
1278554,0,0,0,0,0,1,1,20180901,20180902
1278555,1,1,1,1,1,1,1,20180904,20181109
1278556,0,0,0,0,0,1,0,20181110,20181110
1278557,1,1,1,1,1,1,1,20181111,20181120
1278558,0,0,1,0,0,0,1,20181121,20181125
1278559,0,0,0,1,1,1,0,20181122,20181124
1278560,1,1,1,1,1,1,1,20181126,20191126
1298569,1,1,1,1,1,1,1,20180804,20190810
1298570,1,1,1,1,1,1,1,20180804,20190810
1298564,1,1,1,1,1,1,1,20180804,20190810
1298385,1,1,1,1,1,1,1,20180804,20190810
1298565,1,1,1,1,1,1,1,20180804,20190810
1298386,1,1,1,1,1,1,1,20180804,20190810
1298359,1,1,1,1,1,1,1,20180804,20190810
1298345,1,1,1,1,1,1,1,20180804,20190810
1298530,1,1,1,1,1,1,1,20180804,20181120
1278528,0,0,1,0,0,0,1,20181121,20181125
1278529,0,0,0,1,1,1,0,20181122,20181124
1278530,1,1,1,1,1,1,1,20181126,20191126
1298525,0,0,0,0,0,1,1,20180804,20190810
1298360,1,1,1,1,1,1,1,20180804,20190810
1298551,1,1,1,1,1,1,1,20180804,20190810
1298497,1,1,1,1,0,0,1,20180804,20180830
1298499,1,1,1,1,1,1,1,20180903,20190903
1298527,0,0,0,0,0,1,1,20180804,20190810
1298526,1,1,1,1,1,0,0,20180804,20190810
1298550,1,1,1,1,1,1,1,20180804,20190810
1298500,1,1,1,1,1,1,1,20180804,20190810
1298528,1,1,1,1,1,1,1,20180804,20190810
1298501,1,1,1,1,1,1,1,20180804,20181120
1298502,0,0,1,0,0,0,1,20181121,20181125
1298503,0,0,0,1,1,1,0,20181122,20181124
1298504,1,1,1,1,1,1,1,20181126,20191126
1298491,1,1,1,1,1,1,1,20180804,20181120
1298492,0,0,1,0,0,0,1,20181121,20181125
1298493,0,0,0,1,1,1,0,20181122,20181124
1298494,1,1,1,1,1,1,1,20181126,20191126
1298529,1,1,1,1,1,0,0,20180804,20190810
1298485,1,1,1,1,1,1,1,20180804,20190810
1298361,1,1,1,1,1,1,1,20180804,20190810
1298486,1,1,1,1,1,1,1,20180804,20190810
1298387,1,1,1,1,1,1,1,20180804,20190810
1298452,1,1,1,1,1,1,1,20180804,20190810
1298538,1,1,1,1,1,1,1,20180804,20180825
1294233,0,0,0,0,0,0,1,20180826,20180826
1294234,1,1,1,1,1,1,1,20180827,20180907
1294235,0,0,0,0,0,1,0,20180908,20180908
1294236,1,1,1,1,1,1,1,20180909,20190909
1298453,1,1,1,1,1,1,1,20180804,20180825
1294218,0,0,0,0,0,0,1,20180826,20180826
1294219,1,1,1,1,1,1,1,20180827,20180907
1294220,0,0,0,0,0,1,0,20180908,20180908
1294221,1,1,1,1,1,1,1,20180909,20190909
1298539,1,1,1,1,1,1,1,20180804,20190810
1298438,1,1,1,1,1,1,1,20180804,20190810
1298433,1,1,1,1,1,1,1,20180804,20190810
1298439,1,1,1,1,1,1,1,20180804,20190810
1298531,1,1,1,1,1,1,1,20180804,20190810
1298427,1,1,1,1,1,1,1,20180804,20190810
1298532,1,1,1,1,1,1,1,20180804,20190810
1298362,1,1,1,1,1,1,1,20180804,20190810
1298388,1,1,1,1,1,1,1,20180804,20190810
1298440,1,1,1,1,1,1,1,20180804,20190810
1298441,1,1,1,1,1,1,1,20180804,20190810
1298442,1,1,1,1,1,1,1,20180804,20190810
1298356,1,1,1,1,1,1,1,20180804,20190810
1298357,1,1,1,1,1,1,1,20180804,20190810
1298358,1,1,1,1,1,1,1,20180804,20181124
1278286,0,0,0,0,0,0,1,20181125,20181125
1278287,1,1,1,1,1,1,1,20181126,20191126
1298346,1,1,1,1,1,1,1,20180804,20190810
1298552,1,1,1,1,1,1,1,20180804,20190810
1298434,1,1,1,1,1,1,1,20180804,20190810
1298435,1,1,1,1,1,1,1,20180804,20190810
1298436,1,1,1,1,1,1,1,20180804,20190810
1298363,1,1,1,1,1,1,1,20180804,20180812
1291592,1,1,1,1,1,1,1,20180813,20190813
1298437,1,1,1,1,1,1,1,20180804,20190810
1298364,1,1,1,1,1,1,1,20180804,20180812
1291594,1,1,1,1,1,1,1,20180813,20190813
1298365,1,1,1,1,1,1,1,20180804,20180812
1291596,1,1,1,1,1,1,1,20180813,20190813
1298366,1,1,1,1,1,1,1,20180804,20180812
1291598,1,1,1,1,1,1,1,20180813,20181120
1291599,0,0,1,0,0,0,1,20181121,20181125
1291600,0,0,0,1,1,1,0,20181122,20181124
1291601,1,1,1,1,1,1,1,20181126,20191126
1298553,1,1,1,1,0,0,1,20180804,20180830
1298555,1,1,1,1,0,0,1,20180903,20190903
1298445,1,1,1,1,1,1,1,20180804,20190810
1298341,1,1,1,1,1,1,1,20180804,20190810
1298425,1,1,1,1,1,1,1,20180804,20190810
1298446,1,1,1,1,1,1,1,20180804,20190810
1298522,1,1,1,1,1,1,1,20180804,20190810
1298447,1,1,1,1,1,1,1,20180804,20190810
1298556,1,1,1,1,1,1,1,20180804,20180812
1291613,1,1,1,1,1,1,1,20180813,20190813
1298448,1,1,1,1,1,1,1,20180804,20190810
1298557,1,1,1,1,1,1,1,20180804,20180812
1291615,1,1,1,1,1,1,1,20180813,20190813
1298426,1,1,1,1,1,1,1,20180804,20190810
1298342,1,1,1,1,1,1,1,20180804,20180812
1291578,1,1,1,1,1,1,1,20180813,20190813
1298428,1,1,1,1,1,1,1,20180804,20190810
1298343,1,1,1,1,1,1,1,20180804,20180812
1291580,1,1,1,1,1,1,1,20180813,20181120
1291581,0,0,1,0,0,0,1,20181121,20181125
1291582,0,0,0,1,1,1,0,20181122,20181124
1291583,1,1,1,1,1,1,1,20181126,20191126
1298339,0,0,0,0,1,1,0,20180804,20190810
1298340,0,0,0,0,0,0,1,20180902,20180902
1298561,1,1,1,1,1,1,1,20180804,20190810
1298344,1,1,1,1,1,1,1,20180804,20190810
1298558,1,1,1,1,1,0,0,20180804,20180831
1298560,1,1,1,1,1,0,0,20180904,20190904
1298429,1,1,1,1,1,1,1,20180804,20190810
1298430,1,1,1,1,1,1,1,20180804,20190810
1298431,1,1,1,1,1,1,1,20180804,20190810
1298389,1,1,1,1,1,1,1,20180804,20190810
1298432,1,1,1,1,1,1,1,20180804,20190810
1298390,1,1,1,1,1,1,1,20180804,20190810
1298391,1,1,1,1,1,1,1,20180804,20180830
1278325,0,0,0,0,1,0,0,20180831,20180831
1278326,1,1,1,1,1,1,1,20180901,20181120
1278327,0,0,1,0,0,0,0,20181121,20181121
1278328,1,1,1,1,1,1,1,20181122,20191122
1298392,1,1,1,1,1,1,1,20180804,20180830
1269275,0,0,0,0,1,0,0,20180831,20180831
1269276,1,1,1,1,1,1,1,20180901,20190901
1298535,1,1,1,1,1,1,1,20180804,20180825
1294226,0,0,0,0,0,0,1,20180826,20180826
1294227,1,1,1,1,1,1,1,20180827,20180907
1294228,0,0,0,0,0,1,0,20180908,20180908
1294229,1,1,1,1,1,1,1,20180909,20190909
1298495,1,1,1,1,1,1,1,20180804,20190810
1298523,0,0,0,0,0,1,1,20180804,20190810
1270674,1,0,0,0,0,0,0,20180903,20180903
1278522,0,0,0,1,1,0,0,20181122,20181123
1298549,1,1,1,1,1,1,1,20180804,20190810
1298524,1,1,1,1,1,0,0,20180804,20180831
1278524,1,1,1,1,1,0,0,20180904,20181121
1278526,1,1,1,1,1,0,0,20181126,20191126
1298488,1,1,1,1,1,1,1,20180804,20190810
1298487,1,1,1,1,1,1,1,20180804,20190810
1298394,1,1,1,1,1,1,1,20180804,20190810
1298393,1,1,1,1,1,1,1,20180804,20190810
1298368,1,1,1,1,1,1,1,20180804,20190810
1298490,1,1,1,1,1,1,1,20180804,20190810
1298489,1,1,1,1,1,1,1,20180804,20190810
1298367,1,1,1,1,1,1,1,20180804,20190810
1298369,1,1,1,1,1,1,1,20180804,20190810
1298410,1,1,1,1,1,1,1,20180804,20190810
1298479,1,1,1,1,1,1,1,20180804,20180810
1294223,0,0,0,0,0,1,0,20180811,20180811
1294224,1,1,1,1,1,1,1,20180812,20190812
1298411,1,1,1,1,1,1,1,20180804,20190810
1298461,1,1,1,1,1,1,1,20180804,20190810
1298412,1,1,1,1,1,1,1,20180804,20190810
1298462,1,1,1,1,1,1,1,20180804,20190810
1298397,1,1,1,1,1,1,1,20180804,20190810
1298463,1,1,1,1,1,1,1,20180804,20190810
1298464,1,1,1,1,1,1,1,20180804,20190810
1298371,1,1,1,1,1,0,0,20180804,20180831
1278290,1,1,1,1,1,0,0,20180904,20181121
1278289,1,1,1,1,1,0,0,20181126,20191126
1298465,1,1,1,1,1,0,0,20180804,20180831
1278420,1,1,1,1,1,0,0,20180904,20181121
1278422,1,1,1,1,1,0,0,20181126,20191126
1298377,1,1,1,1,1,0,0,20180804,20180831
1278313,1,1,1,1,1,0,0,20180904,20181121
1278315,1,1,1,1,1,0,0,20181126,20191126
1298454,1,1,1,1,1,0,0,20180804,20180831
1278402,1,1,1,1,1,0,0,20180904,20181121
1278404,1,1,1,1,1,0,0,20181126,20191126
1298372,1,1,1,1,1,0,0,20180804,20180831
1278293,1,1,1,1,1,0,0,20180904,20181121
1278295,1,1,1,1,1,0,0,20181126,20191126
1298466,1,1,1,1,1,0,0,20180804,20180831
1278424,1,1,1,1,1,0,0,20180904,20181121
1278426,1,1,1,1,1,0,0,20181126,20191126
1298467,1,1,1,1,1,0,0,20180804,20180831
1278428,1,1,1,1,1,0,0,20180904,20181121
1278430,1,1,1,1,1,0,0,20181126,20191126
1298398,1,1,1,1,1,0,0,20180804,20180831
1278330,1,1,1,1,1,0,0,20180904,20181121
1278332,1,1,1,1,1,0,0,20181126,20191126
1298468,1,1,1,1,1,0,0,20180804,20180831
1278432,1,1,1,1,1,0,0,20180904,20181121
1278434,1,1,1,1,1,0,0,20181126,20191126
1298413,1,1,1,1,1,0,0,20180804,20180831
1278360,1,1,1,1,1,0,0,20180904,20181121
1278362,1,1,1,1,1,0,0,20181126,20191126
1298449,1,1,1,1,1,0,0,20180804,20180831
1278390,1,1,1,1,1,0,0,20180904,20181121
1278392,1,1,1,1,1,0,0,20181126,20191126
1298414,1,1,1,1,1,0,0,20180804,20180831
1278364,1,1,1,1,1,0,0,20180904,20181121
1278366,1,1,1,1,1,0,0,20181126,20191126
1298399,1,1,1,1,1,0,0,20180804,20180831
1278334,1,1,1,1,1,0,0,20180904,20181121
1278336,1,1,1,1,1,0,0,20181126,20191126
1298469,1,1,1,1,1,0,0,20180804,20180831
1278436,1,1,1,1,1,0,0,20180904,20181121
1278438,1,1,1,1,1,0,0,20181126,20191126
1298400,1,1,1,1,1,0,0,20180804,20180831
1278338,1,1,1,1,1,0,0,20180904,20181121
1278340,1,1,1,1,1,0,0,20181126,20191126
1298470,1,1,1,1,1,1,1,20180804,20190810
1298401,1,1,1,1,1,0,0,20180804,20180831
1278342,1,1,1,1,1,0,0,20180904,20181121
1278344,1,1,1,1,1,0,0,20181126,20191126
1298402,1,1,1,1,1,0,0,20180804,20180831
1278346,1,1,1,1,1,0,0,20180904,20181121
1278348,1,1,1,1,1,0,0,20181126,20191126
1298471,1,1,1,1,1,1,1,20180804,20190810
1298378,1,1,1,1,1,0,0,20180804,20180831
1278317,1,1,1,1,1,0,0,20180904,20181121
1278319,1,1,1,1,1,0,0,20181126,20191126
1298472,1,1,1,1,1,0,0,20180804,20180831
1278440,1,1,1,1,1,0,0,20180904,20181121
1278442,1,1,1,1,1,0,0,20181126,20191126
1298403,1,1,1,1,1,0,0,20180804,20180831
1278350,1,1,1,1,1,0,0,20180904,20181121
1278352,1,1,1,1,1,0,0,20181126,20191126
1298473,1,1,1,1,1,0,0,20180804,20180831
1278444,1,1,1,1,1,0,0,20180904,20181121
1278446,1,1,1,1,1,0,0,20181126,20191126
1298536,1,1,1,1,1,0,0,20180804,20180831
1278532,1,1,1,1,1,0,0,20180904,20181121
1278534,1,1,1,1,1,0,0,20181126,20191126
1298484,1,1,1,1,1,0,0,20180804,20190810
1298406,1,1,1,1,1,0,0,20180804,20180831
1298405,1,1,1,1,1,0,0,20180904,20181121
1298408,1,1,1,1,1,0,0,20181126,20191126
1298474,1,1,1,1,1,0,0,20180804,20180831
1278448,1,1,1,1,1,0,0,20180904,20181121
1278450,1,1,1,1,1,0,0,20181126,20191126
1298415,1,1,1,1,1,0,0,20180804,20180831
1278368,1,1,1,1,1,0,0,20180904,20181121
1278370,1,1,1,1,1,0,0,20181126,20191126
1298455,1,1,1,1,1,0,0,20180804,20180831
1278406,1,1,1,1,1,0,0,20180904,20181121
1278408,1,1,1,1,1,0,0,20181126,20191126
1298475,1,1,1,1,1,1,1,20180804,20190810
1298416,0,0,0,0,0,1,1,20180804,20190810
1270561,1,0,0,0,0,0,0,20180903,20180903
1278372,0,0,0,1,1,0,0,20181122,20181123
1298417,0,0,0,0,0,1,1,20180804,20190810
1270564,1,0,0,0,0,0,0,20180903,20180903
1278374,0,0,0,1,1,0,0,20181122,20181123
1298456,0,0,0,0,0,1,1,20180804,20190810
1270420,1,0,0,0,0,0,0,20180903,20180903
1278410,0,0,0,1,1,0,0,20181122,20181123
1298418,0,0,0,0,0,1,1,20180804,20190810
1270567,1,0,0,0,0,0,0,20180903,20180903
1278376,0,0,0,1,1,0,0,20181122,20181123
1294203,0,0,0,0,0,1,1,20180804,20180825
1294204,0,0,0,0,0,0,1,20180826,20180826
1294205,1,0,0,0,0,1,1,20180901,20180903
1294206,0,0,0,0,0,1,0,20180908,20180908
1294207,0,0,0,0,0,1,1,20180909,20190909
1294208,0,0,0,1,1,0,0,20181122,20181123
1298419,0,0,0,0,0,1,1,20180804,20190810
1270570,1,0,0,0,0,0,0,20180903,20180903
1278378,0,0,0,1,1,0,0,20181122,20181123
1294209,0,0,0,0,0,1,1,20180804,20180805
1294210,0,0,0,0,0,1,0,20180811,20180811
1294211,0,0,0,0,0,1,1,20180812,20180825
1294212,0,0,0,0,0,0,1,20180826,20180826
1294213,1,0,0,0,0,1,1,20180901,20180903
1294214,0,0,0,0,0,1,0,20180908,20180908
1294215,0,0,0,0,0,1,1,20180909,20190909
1294216,0,0,0,1,1,0,0,20181122,20181123
1298420,0,0,0,0,0,1,1,20180804,20190810
1270573,1,0,0,0,0,0,0,20180903,20180903
1278380,0,0,0,1,1,0,0,20181122,20181123
1298457,0,0,0,0,0,1,1,20180804,20190810
1270423,1,0,0,0,0,0,0,20180903,20180903
1278412,0,0,0,1,1,0,0,20181122,20181123
1298421,0,0,0,0,0,1,1,20180804,20190810
1270576,1,0,0,0,0,0,0,20180903,20180903
1278382,0,0,0,1,1,0,0,20181122,20181123
1298409,0,0,0,0,0,1,1,20180804,20190810
1270543,1,0,0,0,0,0,0,20180903,20180903
1278358,0,0,0,1,1,0,0,20181122,20181123
1298422,0,0,0,0,0,1,1,20180804,20190810
1270579,1,0,0,0,0,0,0,20180903,20180903
1278384,0,0,0,1,1,0,0,20181122,20181123
1294238,0,0,0,0,0,1,1,20180804,20180805
1294239,0,0,0,0,0,1,0,20180811,20180811
1294240,0,0,0,0,0,1,1,20180812,20190812
1294241,1,0,0,0,0,0,0,20180903,20180903
1294242,0,0,0,1,1,0,0,20181122,20181123
1298458,0,0,0,0,0,1,1,20180804,20190810
1270426,1,0,0,0,0,0,0,20180903,20180903
1278414,0,0,0,1,1,0,0,20181122,20181123
1298540,0,0,0,0,0,1,1,20180804,20190810
1270505,1,0,0,0,0,0,0,20180903,20180903
1278545,0,0,0,1,1,0,0,20181122,20181123
1298459,0,0,0,0,0,1,1,20180804,20190810
1270429,1,0,0,0,0,0,0,20180903,20180903
1278416,0,0,0,1,1,0,0,20181122,20181123
1298423,0,0,0,0,0,1,1,20180804,20190810
1270582,1,0,0,0,0,0,0,20180903,20180903
1278386,0,0,0,1,1,0,0,20181122,20181123
1298476,0,0,0,0,0,1,1,20180804,20190810
1298477,1,0,0,0,0,0,0,20180903,20180903
1298478,0,0,0,1,1,0,0,20181122,20181123
1298424,0,0,0,0,0,1,1,20180804,20190810
1270585,1,0,0,0,0,0,0,20180903,20180903
1278388,0,0,0,1,1,0,0,20181122,20181123
1298460,0,0,0,0,0,1,1,20180804,20190810
1270432,1,0,0,0,0,0,0,20180903,20180903
1278418,0,0,0,1,1,0,0,20181122,20181123
1298396,1,1,1,1,1,1,1,20180804,20190810
1298562,1,1,1,1,1,1,1,20180804,20190810
1298395,1,1,1,1,1,1,1,20180804,20190810
1298563,1,1,1,1,1,1,1,20180804,20190810
1298940,0,0,1,0,1,0,1,20180804,20190810
1298925,0,0,1,0,1,0,1,20180804,20190810
1298926,1,1,1,1,1,1,1,20180804,20190810
1298941,1,1,1,1,1,1,1,20180804,20190810
1298927,1,1,1,1,1,1,1,20180804,20190810
1298932,0,0,0,0,0,1,1,20180804,20190810
1298933,1,1,1,1,1,0,0,20180806,20180831
1298934,1,0,0,0,0,0,0,20180903,20180903
1298935,1,1,1,1,1,0,0,20180904,20181121
1298936,0,0,0,1,0,0,0,20181122,20181122
1298937,1,1,1,1,1,0,0,20181123,20191123
1298938,0,0,0,0,1,0,0,20180804,20190810
1298928,1,1,1,1,1,0,0,20180804,20180831
1285249,1,1,1,1,1,0,0,20180904,20181121
1285251,1,1,1,1,1,0,0,20181123,20191123
1298930,1,1,1,1,1,0,0,20180804,20180831
1285256,1,1,1,1,1,0,0,20180904,20181121
1285258,1,1,1,1,1,0,0,20181123,20191123
1298931,0,0,0,0,0,1,1,20180804,20190810
1285260,1,0,0,0,0,0,0,20180903,20180903
1285261,0,0,0,1,0,0,0,20181122,20181122
1298929,0,0,0,0,0,1,1,20180804,20190810
1269330,1,0,0,0,0,0,0,20180903,20180903
1285253,0,0,0,1,0,0,0,20181122,20181122
1298939,1,1,1,1,1,1,1,20180804,20190810
1298942,1,1,1,1,1,1,1,20180804,20190810
1298076,1,1,1,1,1,1,1,20180804,20190810
1298071,1,1,1,1,1,1,1,20180804,20190810
1298075,1,1,1,1,1,1,1,20180804,20190810
1298072,1,1,1,1,1,1,1,20180804,20190810
1298073,1,1,1,1,1,1,1,20180804,20190810
1298074,1,1,1,1,1,1,1,20180804,20190810
821193,1,1,1,1,1,1,1,20150927,20151003
821195,1,1,1,1,1,1,1,20151005,20190810
822377,1,1,1,1,1,0,1,20150930,20151005
822379,1,1,1,1,1,1,1,20151007,20190810
824432,1,1,0,0,1,1,1,20151004,20151006
824437,1,1,1,1,1,1,1,20151012,20190810
824444,1,0,0,0,1,1,1,20151004,20151005
824443,1,1,1,1,1,1,1,20151012,20190810
1298735,1,1,1,1,1,1,1,20180804,20190810
1298736,1,1,1,1,1,1,1,20180804,20190810
1295769,1,1,1,1,1,1,1,20180804,20190810
1295770,1,1,1,1,1,1,1,20180804,20190810
1298697,1,1,1,1,1,1,1,20180804,20190810
1298698,1,1,1,1,1,1,1,20180804,20190810
