trip_id,arrival_time,departure_time,stop_id,stop_sequence,stop_headsign,pickup_type,drop_off_type,shape_dist_traveled,timepoint,start_service_area_id,end_service_area_id,start_service_area_radius,end_service_area_radius,continuous_pickup,continuous_drop_off,pickup_area_id,drop_off_area_id,pickup_service_area_radius,drop_off_service_area_radius
t_1081954_b_26267_tn_0,07:00:00,07:00:00,19016,1,,0,0,0,0,,,,,1,1,,,,
t_1081954_b_26267_tn_0,07:08:00,07:08:00,2436344,2,,0,0,4878.62590018184,0,,,,,1,1,,,,
t_1081954_b_26267_tn_0,07:10:00,07:10:00,18993,3,,0,0,6016.84983972526,0,,,,,1,1,,,,
t_1081954_b_26267_tn_0,07:16:00,07:16:00,18995,4,,0,0,7070.88564805355,0,,,,,1,1,,,,
t_1081954_b_26267_tn_0,07:42:00,07:42:00,19033,5,,0,0,38731.6627023197,0,,,,,1,1,,,,
t_1081954_b_26267_tn_0,07:44:00,07:44:00,19030,6,,0,0,42927.9596268556,0,,,,,1,1,,,,
t_1081954_b_26267_tn_0,07:47:00,07:47:00,19029,7,,0,0,44437.7760317841,0,,,,,1,1,,,,
t_1081954_b_26267_tn_0,07:55:00,07:55:00,27801,8,,0,0,47095.11114206,0,,,,,1,1,,,,
t_1081954_b_26267_tn_0,07:57:00,07:57:00,19026,9,,0,0,49088.7554432953,0,,,,,1,1,,,,
t_1081954_b_26267_tn_0,08:01:00,08:01:00,19022,10,,0,0,52710.7852994668,0,,,,,1,1,,,,
t_1081954_b_26267_tn_0,08:10:00,08:10:00,19023,11,,0,0,58307.0927780342,0,,,,,1,1,,,,
t_1081954_b_26267_tn_0,08:13:00,08:13:00,19024,12,,0,0,60170.1293472255,0,,,,,1,1,,,,
t_1081954_b_26267_tn_0,08:15:00,08:15:00,794903,13,,0,0,62781.3459097333,0,,,,,1,1,,,,
t_1081954_b_26267_tn_0,08:26:00,08:26:00,19013,14,,0,0,72418.034445029,0,,,,,1,1,,,,
t_1081954_b_26267_tn_0,08:30:00,08:30:00,18995,15,,0,0,76420.8648128099,0,,,,,1,1,,,,
t_1081954_b_26267_tn_0,08:33:00,08:33:00,18993,16,,0,0,77469.0556317017,0,,,,,1,1,,,,
t_1081954_b_26267_tn_0,08:39:00,08:39:00,19016,17,,0,0,83135.50496834,0,,,,,1,1,,,,
t_1083197_b_26267_tn_0,11:00:00,11:00:00,19016,1,,0,0,0,0,,,,,1,1,,,,
t_1083197_b_26267_tn_0,11:08:00,11:08:00,2436344,2,,0,0,4878.62590018184,0,,,,,1,1,,,,
t_1083197_b_26267_tn_0,11:10:00,11:10:00,18993,3,,0,0,6016.84983972526,0,,,,,1,1,,,,
t_1083197_b_26267_tn_0,11:16:00,11:16:00,18995,4,,0,0,7070.88564805355,0,,,,,1,1,,,,
t_1083197_b_26267_tn_0,11:21:00,11:21:00,19013,5,,0,0,11006.9248598647,0,,,,,1,1,,,,
t_1083197_b_26267_tn_0,11:32:00,11:32:00,19024,6,,0,0,21333.1820684732,0,,,,,1,1,,,,
t_1083197_b_26267_tn_0,11:34:00,11:34:00,794903,7,,0,0,23947.2351012726,0,,,,,1,1,,,,
t_1083197_b_26267_tn_0,11:36:00,11:36:00,27798,8,,0,0,24140.9395183648,0,,,,,1,1,,,,
t_1083197_b_26267_tn_0,11:37:00,11:37:00,19021,9,,0,0,24906.7263760761,0,,,,,1,1,,,,
t_1083197_b_26267_tn_0,11:47:00,11:47:00,19025,10,,0,0,30547.4073847125,0,,,,,1,1,,,,
t_1083197_b_26267_tn_0,11:50:00,11:50:00,19026,11,,0,0,34111.9108206027,0,,,,,1,1,,,,
t_1083197_b_26267_tn_0,11:57:00,11:57:00,19027,12,,0,0,34516.6177009791,0,,,,,1,1,,,,
t_1083197_b_26267_tn_0,12:01:00,12:01:00,19029,13,,0,0,38374.7933401998,0,,,,,1,1,,,,
t_1083197_b_26267_tn_0,12:10:00,12:10:00,19033,14,,0,0,42661.029613468,0,,,,,1,1,,,,
t_1083197_b_26267_tn_0,12:12:00,12:12:00,19030,15,,0,0,46857.326538004,0,,,,,1,1,,,,
t_1083197_b_26267_tn_0,12:23:00,12:23:00,27801,16,,0,0,50860.4696380808,0,,,,,1,1,,,,
t_1083197_b_26267_tn_0,12:25:00,12:25:00,19026,17,,0,0,52854.1139393162,0,,,,,1,1,,,,
t_1083197_b_26267_tn_0,12:29:00,12:29:00,19022,18,,0,0,56476.1437954876,0,,,,,1,1,,,,
t_1083197_b_26267_tn_0,12:38:00,12:38:00,19023,19,,0,0,62072.451274055,0,,,,,1,1,,,,
t_1083197_b_26267_tn_0,12:41:00,12:41:00,19024,20,,0,0,63935.4878432463,0,,,,,1,1,,,,
t_1083197_b_26267_tn_0,12:43:00,12:43:00,794903,21,,0,0,66546.7044057541,0,,,,,1,1,,,,
t_1083197_b_26267_tn_0,12:54:00,12:54:00,19013,22,,0,0,76183.3929410498,0,,,,,1,1,,,,
t_1083197_b_26267_tn_0,12:58:00,12:58:00,18995,23,,0,0,80186.2233088307,0,,,,,1,1,,,,
t_1083197_b_26267_tn_0,13:01:00,13:01:00,18993,24,,0,0,81234.4141277225,0,,,,,1,1,,,,
t_1083197_b_26267_tn_0,13:05:00,13:05:00,2436344,25,,0,0,82115.9934229241,0,,,,,1,1,,,,
t_1083197_b_26267_tn_0,13:11:00,13:11:00,19016,26,,0,0,87026.70474232,0,,,,,1,1,,,,
t_1083198_b_26267_tn_0,16:30:00,16:30:00,19016,1,,0,0,0,0,,,,,1,1,,,,
t_1083198_b_26267_tn_0,16:38:00,16:38:00,2436344,2,,0,0,4878.62590018184,0,,,,,1,1,,,,
t_1083198_b_26267_tn_0,16:40:00,16:40:00,18993,3,,0,0,6016.84983972526,0,,,,,1,1,,,,
t_1083198_b_26267_tn_0,16:46:00,16:46:00,18995,4,,0,0,7070.88564805355,0,,,,,1,1,,,,
t_1083198_b_26267_tn_0,16:51:00,16:51:00,19013,5,,0,0,11006.9248598647,0,,,,,1,1,,,,
t_1083198_b_26267_tn_0,17:02:00,17:02:00,19024,6,,0,0,21333.1820684732,0,,,,,1,1,,,,
t_1083198_b_26267_tn_0,17:07:00,17:07:00,794903,7,,0,0,23947.2351012726,0,,,,,1,1,,,,
t_1083198_b_26267_tn_0,17:18:00,17:18:00,19013,8,,0,0,33583.9236365683,0,,,,,1,1,,,,
t_1083198_b_26267_tn_0,17:22:00,17:22:00,18995,9,,0,0,37586.7540043491,0,,,,,1,1,,,,
t_1083198_b_26267_tn_0,17:25:00,17:25:00,18993,10,,0,0,38634.944823241,0,,,,,1,1,,,,
t_1083198_b_26267_tn_0,17:29:00,17:29:00,2436344,11,,0,0,39516.5241184426,0,,,,,1,1,,,,
t_1083198_b_26267_tn_0,17:35:00,17:35:00,19016,12,,0,0,44427.23543792,0,,,,,1,1,,,,
t_1083295_b_26267_tn_0,08:05:00,08:05:00,19016,1,,0,0,0,0,,,,,1,1,,,,
t_1083295_b_26267_tn_0,08:16:00,08:16:00,19011,2,,0,0,5359.36311813437,0,,,,,1,1,,,,
t_1083295_b_26267_tn_0,08:21:00,08:21:00,2436341,3,,0,0,7079.39730405192,0,,,,,1,1,,,,
t_1083295_b_26267_tn_0,08:25:00,08:25:00,19007,4,,0,0,8300.35743952273,0,,,,,1,1,,,,
t_1083295_b_26267_tn_0,08:28:00,08:28:00,18991,5,,0,0,9372.34174696388,0,,,,,1,1,,,,
t_1083295_b_26267_tn_0,08:33:00,08:33:00,18995,6,,0,0,11493.3744276152,0,,,,,1,1,,,,
t_1083295_b_26267_tn_0,08:35:00,08:35:00,20476,7,,0,0,12452.4123658249,0,,,,,1,1,,,,
t_1083295_b_26267_tn_0,08:39:00,08:39:00,18988,8,,0,0,14014.9769720419,0,,,,,1,1,,,,
t_1083295_b_26267_tn_0,08:43:00,08:43:00,18992,9,,0,0,16043.4988486173,0,,,,,1,1,,,,
t_1083295_b_26267_tn_0,08:46:00,08:46:00,18990,10,,0,0,17054.5049480306,0,,,,,1,1,,,,
t_1083295_b_26267_tn_0,08:50:00,08:50:00,18993,11,,0,0,18449.7494476385,0,,,,,1,1,,,,
t_1083295_b_26267_tn_0,08:54:00,08:54:00,2436344,12,,0,0,19331.9601538424,0,,,,,1,1,,,,
t_1083295_b_26267_tn_0,09:00:00,09:00:00,19009,13,,0,0,23291.0979184347,0,,,,,1,1,,,,
t_1083295_b_26267_tn_0,09:03:00,09:03:00,19012,14,,0,0,24627.5448808721,0,,,,,1,1,,,,
t_1083295_b_26267_tn_0,09:08:00,09:08:00,19014,15,,0,0,26692.5519254985,0,,,,,1,1,,,,
t_1083295_b_26267_tn_0,09:11:00,09:11:00,27807,16,,0,0,28151.8184906111,0,,,,,1,1,,,,
t_1083295_b_26267_tn_0,09:14:00,09:14:00,19016,17,,0,0,29082.4250051407,0,,,,,1,1,,,,
t_1083295_b_26267_tn_0,09:19:00,09:19:00,19019,18,,0,0,31697.2072454905,0,,,,,1,1,,,,
t_1083295_b_26267_tn_0,09:24:00,09:24:00,19016,19,,0,0,34364.9828327,0,,,,,1,1,,,,
t_1083300_b_26267_tn_0,11:15:00,11:15:00,19016,1,,0,0,0,0,,,,,1,1,,,,
t_1083300_b_26267_tn_0,11:17:00,11:17:00,27793,2,,0,0,938.929443684386,0,,,,,1,1,,,,
t_1083300_b_26267_tn_0,11:21:00,11:21:00,19014,3,,0,0,2789.67675906949,0,,,,,1,1,,,,
t_1083300_b_26267_tn_0,11:27:00,11:27:00,19009,4,,0,0,5515.52409364149,0,,,,,1,1,,,,
t_1083300_b_26267_tn_0,11:30:00,11:30:00,19012,5,,0,0,6851.97105607886,0,,,,,1,1,,,,
t_1083300_b_26267_tn_0,11:37:00,11:37:00,19011,6,,0,0,11783.5928326232,0,,,,,1,1,,,,
t_1083300_b_26267_tn_0,11:42:00,11:42:00,2436341,7,,0,0,13507.146000908,0,,,,,1,1,,,,
t_1083300_b_26267_tn_0,11:46:00,11:46:00,19007,8,,0,0,14728.1061363788,0,,,,,1,1,,,,
t_1083300_b_26267_tn_0,11:49:00,11:49:00,18991,9,,0,0,15800.0904438199,0,,,,,1,1,,,,
t_1083300_b_26267_tn_0,11:54:00,11:54:00,18995,10,,0,0,17921.1231244713,0,,,,,1,1,,,,
t_1083300_b_26267_tn_0,11:56:00,11:56:00,20476,11,,0,0,18880.1610626809,0,,,,,1,1,,,,
t_1083300_b_26267_tn_0,12:00:00,12:00:00,18988,12,,0,0,20442.7256688979,0,,,,,1,1,,,,
t_1083300_b_26267_tn_0,12:05:00,12:05:00,759031,13,,0,0,23032.8229181941,0,,,,,1,1,,,,
t_1083300_b_26267_tn_0,12:08:00,12:08:00,18992,14,,0,0,23812.4076831728,0,,,,,1,1,,,,
t_1083300_b_26267_tn_0,12:11:00,12:11:00,18990,15,,0,0,24820.7318585905,0,,,,,1,1,,,,
t_1083300_b_26267_tn_0,12:15:00,12:15:00,18993,16,,0,0,26215.9763581983,0,,,,,1,1,,,,
t_1083300_b_26267_tn_0,12:19:00,12:19:00,2436344,17,,0,0,27098.1870644022,0,,,,,1,1,,,,
t_1083300_b_26267_tn_0,12:25:00,12:25:00,19009,18,,0,0,31057.3248289946,0,,,,,1,1,,,,
t_1083300_b_26267_tn_0,12:28:00,12:28:00,19012,19,,0,0,32393.7717914319,0,,,,,1,1,,,,
t_1083300_b_26267_tn_0,12:33:00,12:33:00,19014,20,,0,0,34458.7788360583,0,,,,,1,1,,,,
t_1083300_b_26267_tn_0,12:39:00,12:39:00,2586149,21,,0,0,35752.6639281478,0,,,,,1,1,,,,
t_1083300_b_26267_tn_0,12:42:00,12:42:00,27807,22,,0,0,36279.5095274995,0,,,,,1,1,,,,
t_1083300_b_26267_tn_0,12:45:00,12:45:00,19016,23,,0,0,37209.8879360082,0,,,,,1,1,,,,
t_1083300_b_26267_tn_0,12:50:00,12:50:00,19019,24,,0,0,39824.670176358,0,,,,,1,1,,,,
t_1083300_b_26267_tn_0,12:55:00,12:55:00,19016,25,,0,0,42492.4457636199,0,,,,,1,1,,,,
t_1083301_b_26267_tn_0,15:00:00,15:00:00,19016,1,,0,0,0,0,,,,,1,1,,,,
t_1083301_b_26267_tn_0,15:02:00,15:02:00,27793,2,,0,0,938.929443684386,0,,,,,1,1,,,,
t_1083301_b_26267_tn_0,15:06:00,15:06:00,19014,3,,0,0,2789.67675906949,0,,,,,1,1,,,,
t_1083301_b_26267_tn_0,15:12:00,15:12:00,19009,4,,0,0,5515.52409364149,0,,,,,1,1,,,,
t_1083301_b_26267_tn_0,15:15:00,15:15:00,19012,5,,0,0,6851.97105607886,0,,,,,1,1,,,,
t_1083301_b_26267_tn_0,15:22:00,15:22:00,19011,6,,0,0,11783.5928326232,0,,,,,1,1,,,,
t_1083301_b_26267_tn_0,15:27:00,15:27:00,2436341,7,,0,0,13507.146000908,0,,,,,1,1,,,,
t_1083301_b_26267_tn_0,15:31:00,15:31:00,19007,8,,0,0,14728.1061363788,0,,,,,1,1,,,,
t_1083301_b_26267_tn_0,15:34:00,15:34:00,18991,9,,0,0,15800.0904438199,0,,,,,1,1,,,,
t_1083301_b_26267_tn_0,15:39:00,15:39:00,18995,10,,0,0,17921.1231244713,0,,,,,1,1,,,,
t_1083301_b_26267_tn_0,15:41:00,15:41:00,20476,11,,0,0,18880.1610626809,0,,,,,1,1,,,,
t_1083301_b_26267_tn_0,15:45:00,15:45:00,18988,12,,0,0,20442.7256688979,0,,,,,1,1,,,,
t_1083301_b_26267_tn_0,15:50:00,15:50:00,759031,13,,0,0,23032.8229181941,0,,,,,1,1,,,,
t_1083301_b_26267_tn_0,15:53:00,15:53:00,18992,14,,0,0,23812.4076831728,0,,,,,1,1,,,,
t_1083301_b_26267_tn_0,15:56:00,15:56:00,18990,15,,0,0,24820.7318585905,0,,,,,1,1,,,,
t_1083301_b_26267_tn_0,16:00:00,16:00:00,18993,16,,0,0,26215.9763581983,0,,,,,1,1,,,,
t_1083301_b_26267_tn_0,16:04:00,16:04:00,2436344,17,,0,0,27098.1870644022,0,,,,,1,1,,,,
t_1083301_b_26267_tn_0,16:10:00,16:10:00,19009,18,,0,0,31057.3248289946,0,,,,,1,1,,,,
t_1083301_b_26267_tn_0,16:13:00,16:13:00,19012,19,,0,0,32393.7717914319,0,,,,,1,1,,,,
t_1083301_b_26267_tn_0,16:18:00,16:18:00,19014,20,,0,0,34458.7788360583,0,,,,,1,1,,,,
t_1083301_b_26267_tn_0,16:24:00,16:24:00,2586149,21,,0,0,35752.6639281478,0,,,,,1,1,,,,
t_1083301_b_26267_tn_0,16:27:00,16:27:00,27807,22,,0,0,36279.5095274995,0,,,,,1,1,,,,
t_1083301_b_26267_tn_0,16:30:00,16:30:00,19016,23,,0,0,37209.8879360082,0,,,,,1,1,,,,
t_1083301_b_26267_tn_0,16:35:00,16:35:00,19019,24,,0,0,39824.670176358,0,,,,,1,1,,,,
t_1083301_b_26267_tn_0,16:40:00,16:40:00,19016,25,,0,0,42492.4457636199,0,,,,,1,1,,,,
t_1083348_b_26267_tn_0,10:00:00,10:00:00,19016,1,,0,0,0,0,,,,,1,1,,,,
t_1083348_b_26267_tn_0,10:05:00,10:05:00,19019,2,,0,0,2612.9858759276,0,,,,,1,1,,,,
t_1083348_b_26267_tn_0,10:10:00,10:10:00,19016,3,,0,0,5280.76146313508,0,,,,,1,1,,,,
t_1083348_b_26267_tn_0,10:12:00,10:12:00,27793,4,,0,0,6220.67711709909,0,,,,,1,1,,,,
t_1083348_b_26267_tn_0,10:16:00,10:16:00,19014,5,,0,0,8071.42443248419,0,,,,,1,1,,,,
t_1083348_b_26267_tn_0,10:22:00,10:22:00,19009,6,,0,0,10797.2717670562,0,,,,,1,1,,,,
t_1083348_b_26267_tn_0,10:25:00,10:25:00,19012,7,,0,0,12133.7187294936,0,,,,,1,1,,,,
t_1083348_b_26267_tn_0,10:29:00,10:29:00,2436344,8,,0,0,15287.0025151596,0,,,,,1,1,,,,
t_1083348_b_26267_tn_0,10:33:00,10:33:00,18993,9,,0,0,16425.2487411449,0,,,,,1,1,,,,
t_1083348_b_26267_tn_0,10:36:00,10:36:00,759031,10,,0,0,17344.0636267335,0,,,,,1,1,,,,
t_1083348_b_26267_tn_0,10:39:00,10:39:00,18992,11,,0,0,18121.4433089205,0,,,,,1,1,,,,
t_1083348_b_26267_tn_0,10:42:00,10:42:00,18990,12,,0,0,19129.7674843381,0,,,,,1,1,,,,
t_1083348_b_26267_tn_0,10:46:00,10:46:00,18988,13,,0,0,20684.0099170691,0,,,,,1,1,,,,
t_1083348_b_26267_tn_0,10:50:00,10:50:00,27808,14,,0,0,22134.533245568,0,,,,,1,1,,,,
t_1083348_b_26267_tn_0,10:52:00,10:52:00,18995,15,,0,0,23115.3485579469,0,,,,,1,1,,,,
t_1083348_b_26267_tn_0,10:57:00,10:57:00,19007,16,,0,0,24421.8917729718,0,,,,,1,1,,,,
t_1083348_b_26267_tn_0,11:00:00,11:00:00,18991,17,,0,0,25493.2218513191,0,,,,,1,1,,,,
t_1083348_b_26267_tn_0,11:04:00,11:04:00,2436342,18,,0,0,27536.2675933691,0,,,,,1,1,,,,
t_1083348_b_26267_tn_0,11:09:00,11:09:00,19011,19,,0,0,29253.8716219434,0,,,,,1,1,,,,
t_1083348_b_26267_tn_0,11:18:00,11:18:00,19009,20,,0,0,35009.8670760815,0,,,,,1,1,,,,
t_1083348_b_26267_tn_0,11:21:00,11:21:00,19012,21,,0,0,36346.3140385189,0,,,,,1,1,,,,
t_1083348_b_26267_tn_0,11:26:00,11:26:00,19014,22,,0,0,38411.3210831452,0,,,,,1,1,,,,
t_1083348_b_26267_tn_0,11:32:00,11:32:00,2586149,23,,0,0,39705.2061752348,0,,,,,1,1,,,,
t_1083348_b_26267_tn_0,11:35:00,11:35:00,27807,24,,0,0,40232.0517745864,0,,,,,1,1,,,,
t_1083348_b_26267_tn_0,11:38:00,11:38:00,19016,25,,0,0,41162.43018316,0,,,,,1,1,,,,
t_1083349_b_26267_tn_0,13:20:00,13:20:00,19016,1,,0,0,0,0,,,,,1,1,,,,
t_1083349_b_26267_tn_0,13:25:00,13:25:00,19019,2,,0,0,2612.9858759276,0,,,,,1,1,,,,
t_1083349_b_26267_tn_0,13:30:00,13:30:00,19016,3,,0,0,5280.76146313508,0,,,,,1,1,,,,
t_1083349_b_26267_tn_0,13:32:00,13:32:00,27793,4,,0,0,6220.67711709909,0,,,,,1,1,,,,
t_1083349_b_26267_tn_0,13:36:00,13:36:00,19014,5,,0,0,8071.42443248419,0,,,,,1,1,,,,
t_1083349_b_26267_tn_0,13:42:00,13:42:00,19009,6,,0,0,10797.2717670562,0,,,,,1,1,,,,
t_1083349_b_26267_tn_0,13:45:00,13:45:00,19012,7,,0,0,12133.7187294936,0,,,,,1,1,,,,
t_1083349_b_26267_tn_0,13:49:00,13:49:00,2436344,8,,0,0,15287.0025151596,0,,,,,1,1,,,,
t_1083349_b_26267_tn_0,13:53:00,13:53:00,18993,9,,0,0,16425.2487411449,0,,,,,1,1,,,,
t_1083349_b_26267_tn_0,13:56:00,13:56:00,759031,10,,0,0,17344.0636267335,0,,,,,1,1,,,,
t_1083349_b_26267_tn_0,13:59:00,13:59:00,18992,11,,0,0,18121.4433089205,0,,,,,1,1,,,,
t_1083349_b_26267_tn_0,14:02:00,14:02:00,18990,12,,0,0,19129.7674843381,0,,,,,1,1,,,,
t_1083349_b_26267_tn_0,14:06:00,14:06:00,18988,13,,0,0,20684.0099170691,0,,,,,1,1,,,,
t_1083349_b_26267_tn_0,14:10:00,14:10:00,27808,14,,0,0,22134.533245568,0,,,,,1,1,,,,
t_1083349_b_26267_tn_0,14:12:00,14:12:00,18995,15,,0,0,23115.3485579469,0,,,,,1,1,,,,
t_1083349_b_26267_tn_0,14:17:00,14:17:00,19007,16,,0,0,24421.8917729718,0,,,,,1,1,,,,
t_1083349_b_26267_tn_0,14:20:00,14:20:00,18991,17,,0,0,25493.2218513191,0,,,,,1,1,,,,
t_1083349_b_26267_tn_0,14:24:00,14:24:00,2436342,18,,0,0,27536.2675933691,0,,,,,1,1,,,,
t_1083349_b_26267_tn_0,14:29:00,14:29:00,19011,19,,0,0,29253.8716219434,0,,,,,1,1,,,,
t_1083349_b_26267_tn_0,14:38:00,14:38:00,19009,20,,0,0,35009.8670760815,0,,,,,1,1,,,,
t_1083349_b_26267_tn_0,14:41:00,14:41:00,19012,21,,0,0,36346.3140385189,0,,,,,1,1,,,,
t_1083349_b_26267_tn_0,14:46:00,14:46:00,19014,22,,0,0,38411.3210831452,0,,,,,1,1,,,,
t_1083349_b_26267_tn_0,14:52:00,14:52:00,2586149,23,,0,0,39705.2061752348,0,,,,,1,1,,,,
t_1083349_b_26267_tn_0,14:55:00,14:55:00,27807,24,,0,0,40232.0517745864,0,,,,,1,1,,,,
t_1083349_b_26267_tn_0,14:58:00,14:58:00,19016,25,,0,0,41162.43018316,0,,,,,1,1,,,,
t_1083350_b_26267_tn_0,14:00:00,14:00:00,19016,1,,0,0,0,0,,,,,1,1,,,,
t_1083350_b_26267_tn_0,14:05:00,14:05:00,19019,2,,0,0,2612.9858759276,0,,,,,1,1,,,,
t_1083350_b_26267_tn_0,14:10:00,14:10:00,19016,3,,0,0,5280.76146313508,0,,,,,1,1,,,,
t_1083350_b_26267_tn_0,14:12:00,14:12:00,27793,4,,0,0,6220.67711709909,0,,,,,1,1,,,,
t_1083350_b_26267_tn_0,14:16:00,14:16:00,19014,5,,0,0,8071.42443248419,0,,,,,1,1,,,,
t_1083350_b_26267_tn_0,14:22:00,14:22:00,19009,6,,0,0,10797.2717670562,0,,,,,1,1,,,,
t_1083350_b_26267_tn_0,14:25:00,14:25:00,19012,7,,0,0,12133.7187294936,0,,,,,1,1,,,,
t_1083350_b_26267_tn_0,14:29:00,14:29:00,2436344,8,,0,0,15287.0025151596,0,,,,,1,1,,,,
t_1083350_b_26267_tn_0,14:33:00,14:33:00,18993,9,,0,0,16425.2487411449,0,,,,,1,1,,,,
t_1083350_b_26267_tn_0,14:36:00,14:36:00,759031,10,,0,0,17344.0636267335,0,,,,,1,1,,,,
t_1083350_b_26267_tn_0,14:39:00,14:39:00,18992,11,,0,0,18121.4433089205,0,,,,,1,1,,,,
t_1083350_b_26267_tn_0,14:42:00,14:42:00,18990,12,,0,0,19129.7674843381,0,,,,,1,1,,,,
t_1083350_b_26267_tn_0,14:46:00,14:46:00,18988,13,,0,0,20684.0099170691,0,,,,,1,1,,,,
t_1083350_b_26267_tn_0,14:50:00,14:50:00,27808,14,,0,0,22134.533245568,0,,,,,1,1,,,,
t_1083350_b_26267_tn_0,14:52:00,14:52:00,18995,15,,0,0,23115.3485579469,0,,,,,1,1,,,,
t_1083350_b_26267_tn_0,14:57:00,14:57:00,19007,16,,0,0,24421.8917729718,0,,,,,1,1,,,,
t_1083350_b_26267_tn_0,15:00:00,15:00:00,18991,17,,0,0,25493.2218513191,0,,,,,1,1,,,,
t_1083350_b_26267_tn_0,15:04:00,15:04:00,2436342,18,,0,0,27536.2675933691,0,,,,,1,1,,,,
t_1083350_b_26267_tn_0,15:09:00,15:09:00,19011,19,,0,0,29253.8716219434,0,,,,,1,1,,,,
t_1083350_b_26267_tn_0,15:18:00,15:18:00,19009,20,,0,0,35009.8670760815,0,,,,,1,1,,,,
t_1083350_b_26267_tn_0,15:21:00,15:21:00,19012,21,,0,0,36346.3140385189,0,,,,,1,1,,,,
t_1083350_b_26267_tn_0,15:26:00,15:26:00,19014,22,,0,0,38411.3210831452,0,,,,,1,1,,,,
t_1083350_b_26267_tn_0,15:32:00,15:32:00,2586149,23,,0,0,39705.2061752348,0,,,,,1,1,,,,
t_1083350_b_26267_tn_0,15:35:00,15:35:00,27807,24,,0,0,40232.0517745864,0,,,,,1,1,,,,
t_1083350_b_26267_tn_0,15:38:00,15:38:00,19016,25,,0,0,41162.43018316,0,,,,,1,1,,,,
