shape_id,shape_pt_lon,shape_pt_lat,shape_pt_sequence
4,-73.872696,40.566145,1
4,-73.871400,40.566580,2
4,-73.869750,40.567150,3
4,-73.868350,40.567620,4
4,-73.867790,40.567840,5
4,-73.867120,40.568100,6
4,-73.865330,40.568800,7
4,-73.864070,40.569310,8
4,-73.863280,40.569630,9
4,-73.862490,40.569950,10
4,-73.862380,40.569990,11
4,-73.861600,40.570330,12
4,-73.860800,40.570650,13
4,-73.860010,40.570980,14
4,-73.859210,40.571300,15
4,-73.858420,40.571630,16
4,-73.858320,40.571670,17
4,-73.857530,40.572000,18
4,-73.856730,40.572320,19
4,-73.855940,40.572660,20
4,-73.855140,40.572980,21
4,-73.854350,40.573300,22
4,-73.853560,40.573640,23
4,-73.852740,40.573960,24
4,-73.851960,40.574290,25
4,-73.851170,40.574610,26
4,-73.850360,40.574940,27
4,-73.849580,40.575260,28
4,-73.848790,40.575580,29
4,-73.847980,40.575920,30
4,-73.847140,40.576270,31
4,-73.846310,40.576600,32
4,-73.846210,40.576650,33
4,-73.845510,40.576980,34
4,-73.844700,40.577310,35
4,-73.843880,40.577590,36
4,-73.843060,40.577880,37
4,-73.842220,40.578140,38
4,-73.841390,40.578410,39
4,-73.840570,40.578690,40
4,-73.839750,40.578960,41
4,-73.838930,40.579240,42
4,-73.838100,40.579510,43
4,-73.837280,40.579790,44
4,-73.837130,40.579840,45
4,-73.836720,40.579960,46
4,-73.836280,40.580100,47
4,-73.835430,40.580320,48
4,-73.834580,40.580550,49
4,-73.833730,40.580790,50
4,-73.832950,40.581010,51
4,-73.832880,40.581030,52
4,-73.832780,40.581050,53
4,-73.832450,40.581130,54
4,-73.832030,40.581250,55
4,-73.831930,40.581280,56
4,-73.830880,40.581570,57
4,-73.830770,40.581600,58
4,-73.830110,40.581791,59
4,-73.829910,40.581850,60
4,-73.830230,40.582590,61
4,-73.830680,40.583470,62
4,-73.830910,40.583900,63
4,-73.830950,40.583980,64
4,-73.831180,40.583930,65
4,-73.831730,40.583784,66
7,-73.831271,40.584164,1
7,-73.836088,40.584060,2
7,-73.841275,40.584026,3
7,-73.852442,40.583656,4
7,-73.854829,40.583216,5
7,-73.857393,40.582270,6
7,-73.861165,40.580554,7
7,-73.867578,40.577944,8
7,-73.872139,40.576854,9
7,-73.884453,40.573922,10
7,-73.893169,40.572407,11
7,-73.904571,40.569980,12
7,-73.916883,40.566968,13
7,-73.925850,40.564361,14
7,-73.929926,40.563307,15
7,-73.934058,40.562777,16
7,-73.939040,40.562824,17
7,-73.948213,40.563561,18
7,-73.957752,40.564748,19
7,-73.971489,40.566358,20
7,-73.980729,40.565812,21
7,-73.988773,40.566021,22
7,-74.000286,40.567960,23
7,-74.006520,40.568942,24
7,-74.010761,40.569916,25
7,-74.014209,40.571927,26
7,-74.017085,40.575490,27
7,-74.024098,40.583308,28
7,-74.028538,40.588971,29
7,-74.033195,40.596223,30
7,-74.038959,40.605163,31
7,-74.041960,40.612173,32
7,-74.043721,40.618505,33
7,-74.044265,40.621926,34
7,-74.044306,40.626962,35
7,-74.043524,40.631565,36
7,-74.042660,40.635314,37
7,-74.042044,40.637307,38
7,-74.041043,40.639159,39
7,-74.039454,40.641119,40
7,-74.038306,40.642594,41
7,-74.036342,40.644463,42
7,-74.034393,40.646010,43
7,-74.031467,40.646913,44
7,-74.025664,40.646237,45
7,-74.028753,40.650586,46
7,-74.025453,40.656045,47
7,-74.023535,40.660387,48
7,-74.022420,40.666055,49
7,-74.022257,40.672397,50
7,-74.021927,40.677032,51
7,-74.021505,40.678334,52
7,-74.019526,40.680796,53
7,-74.015440,40.684568,54
7,-74.012290,40.687795,55
7,-74.010390,40.690153,56
7,-74.006031,40.698352,57
7,-74.004233,40.700243,58
7,-74.003959,40.701799,59
7,-74.006025,40.703624,60
8,-74.006071,40.703683,1
8,-74.003922,40.701791,2
8,-74.004188,40.700215,3
8,-74.006007,40.698349,4
8,-74.010232,40.690066,5
8,-74.019561,40.680798,6
8,-74.021249,40.678667,7
8,-74.021872,40.677126,8
8,-74.022368,40.666074,9
8,-74.023439,40.660397,10
8,-74.025251,40.656131,11
8,-74.028724,40.650525,12
8,-74.026305,40.645904,13
8,-74.031354,40.646906,14
8,-74.034479,40.645946,15
8,-74.038373,40.642601,16
8,-74.041254,40.639116,17
8,-74.044386,40.627640,18
8,-74.044666,40.621731,19
8,-74.042614,40.613028,20
8,-74.040468,40.607807,21
8,-74.037388,40.602376,22
8,-74.028476,40.589152,23
8,-74.020888,40.579963,24
8,-74.014268,40.572003,25
8,-74.010739,40.569817,26
8,-74.006474,40.568682,27
8,-73.988682,40.565954,28
8,-73.980590,40.565720,29
8,-73.971355,40.566106,30
8,-73.948083,40.563445,31
8,-73.939251,40.562744,32
8,-73.933852,40.562603,33
8,-73.929294,40.563262,34
8,-73.884949,40.573716,35
8,-73.867578,40.577870,36
8,-73.855540,40.582908,37
8,-73.850421,40.583650,38
8,-73.831224,40.584166,39
9,-74.006172,40.703064,1
9,-74.005674,40.703485,2
9,-74.000768,40.702655,3
9,-73.995785,40.703523,4
9,-73.993389,40.705562,5
9,-73.975241,40.709227,6
9,-73.970245,40.708577,7
9,-73.971855,40.712771,8
9,-73.967867,40.720738,9
9,-73.964980,40.720891,10
9,-73.966260,40.723986,11
9,-73.963611,40.731428,12
9,-73.965262,40.734396,13
9,-73.965165,40.738551,14
9,-73.961383,40.741858,15
9,-73.970570,40.744072,16
9,-73.970837,40.743669,17
12,-73.970205,40.744423,1
12,-73.970737,40.743856,2
12,-73.961386,40.741857,3
12,-73.965241,40.738571,4
12,-73.965304,40.734483,5
12,-73.963677,40.731468,6
12,-73.966524,40.724141,7
12,-73.964979,40.720902,8
12,-73.967723,40.720736,9
12,-73.971905,40.712865,10
12,-73.970255,40.708578,11
12,-73.975197,40.709187,12
12,-73.993362,40.705569,13
12,-73.995810,40.703524,14
12,-74.000718,40.702701,15
12,-74.005664,40.703553,16
12,-74.006136,40.703202,17
17,-74.006183,40.702948,1
17,-74.005352,40.703453,2
17,-74.000934,40.702962,3
17,-73.995198,40.703602,4
17,-73.995152,40.703058,5
17,-73.998138,40.702727,6
17,-74.002453,40.697178,7
17,-74.003761,40.694120,8
17,-74.002001,40.692051,9
17,-74.006422,40.692031,10
17,-74.011448,40.684607,11
17,-74.011030,40.682993,12
17,-74.013362,40.680877,13
17,-74.013990,40.681270,14
17,-74.011598,40.683144,15
17,-74.012579,40.683882,16
17,-74.018910,40.681596,17
17,-74.023512,40.676310,18
17,-74.022937,40.662859,19
17,-74.029667,40.650101,20
17,-74.026127,40.645806,21
17,-74.032605,40.647393,22
17,-74.038231,40.641678,23
17,-74.038153,40.639584,24
18,-74.038147,40.639523,1
18,-74.038170,40.641845,2
18,-74.032636,40.647381,3
18,-74.025840,40.646245,4
18,-74.029559,40.650106,5
18,-74.022918,40.662899,6
18,-74.023561,40.676342,7
18,-74.018910,40.681564,8
18,-74.012564,40.683844,9
18,-74.011625,40.683130,10
18,-74.013337,40.680878,11
18,-74.012824,40.680537,12
18,-74.010970,40.682867,13
18,-74.011448,40.684610,14
18,-74.006367,40.691976,15
18,-74.001753,40.692511,16
18,-74.003726,40.694018,17
18,-74.002344,40.697176,18
18,-73.997924,40.702725,19
18,-73.995256,40.703731,20
18,-73.995583,40.704103,21
18,-74.000919,40.702961,22
18,-74.005349,40.703456,23
18,-74.006164,40.702944,24
27,-73.882633,40.567323,1
27,-73.882460,40.567020,2
27,-73.882090,40.566390,3
27,-73.881970,40.566570,4
27,-73.881882,40.566688,5
27,-73.881760,40.566850,6
27,-73.881680,40.566920,7
27,-73.881530,40.567020,8
27,-73.881370,40.567090,9
27,-73.881170,40.567130,10
27,-73.880790,40.567140,11
27,-73.880420,40.567100,12
27,-73.880140,40.567120,13
27,-73.879880,40.567160,14
27,-73.879700,40.567210,15
27,-73.879340,40.567410,16
27,-73.879040,40.567530,17
27,-73.878700,40.567680,18
27,-73.878360,40.567820,19
27,-73.877450,40.568230,20
27,-73.876630,40.568620,21
27,-73.874710,40.569540,22
27,-73.874560,40.569610,23
27,-73.872130,40.570770,24
27,-73.871730,40.570940,25
27,-73.871410,40.571040,26
27,-73.871030,40.571100,27
27,-73.870490,40.571120,28
27,-73.870330,40.571120,29
27,-73.869790,40.571000,30
27,-73.869520,40.570920,31
27,-73.869250,40.570800,32
27,-73.868970,40.570640,33
27,-73.868790,40.570520,34
27,-73.868530,40.570210,35
27,-73.868340,40.569920,36
27,-73.868180,40.569620,37
27,-73.868120,40.569400,38
27,-73.868120,40.568930,39
27,-73.868150,40.568830,40
27,-73.868160,40.568740,41
27,-73.868270,40.568520,42
27,-73.868590,40.568100,43
27,-73.868760,40.567930,44
27,-73.869050,40.567730,45
27,-73.869400,40.567560,46
27,-73.869860,40.567420,47
27,-73.871490,40.566870,48
27,-73.871860,40.566740,49
27,-73.872250,40.566600,50
27,-73.872810,40.566400,51
27,-73.873000,40.566360,52
27,-73.873110,40.566300,53
27,-73.873140,40.566190,54
27,-73.873115,40.566164,55
27,-73.873140,40.566190,56
27,-73.873050,40.566100,57
27,-73.872890,40.566080,58
27,-73.869750,40.567150,59
27,-73.868350,40.567620,60
27,-73.867790,40.567840,61
27,-73.867120,40.568100,62
27,-73.865330,40.568800,63
27,-73.864070,40.569310,64
27,-73.863280,40.569630,65
27,-73.862490,40.569950,66
27,-73.862380,40.569990,67
27,-73.861600,40.570330,68
27,-73.860800,40.570650,69
27,-73.860010,40.570980,70
27,-73.859210,40.571300,71
27,-73.858420,40.571630,72
27,-73.858320,40.571670,73
27,-73.857530,40.572000,74
27,-73.856730,40.572320,75
27,-73.855940,40.572660,76
27,-73.855140,40.572980,77
27,-73.854350,40.573300,78
27,-73.853560,40.573640,79
27,-73.852740,40.573960,80
27,-73.851960,40.574290,81
27,-73.851170,40.574610,82
27,-73.850360,40.574940,83
27,-73.849580,40.575260,84
27,-73.848790,40.575580,85
27,-73.847980,40.575920,86
27,-73.847140,40.576270,87
27,-73.846310,40.576600,88
27,-73.846210,40.576650,89
27,-73.845510,40.576980,90
27,-73.844700,40.577310,91
27,-73.843880,40.577590,92
27,-73.843060,40.577880,93
27,-73.842220,40.578140,94
27,-73.841390,40.578410,95
27,-73.840570,40.578690,96
27,-73.839750,40.578960,97
27,-73.838930,40.579240,98
27,-73.838100,40.579510,99
27,-73.837280,40.579790,100
27,-73.837130,40.579840,101
27,-73.836720,40.579960,102
27,-73.836280,40.580100,103
27,-73.835430,40.580320,104
27,-73.834580,40.580550,105
27,-73.833730,40.580790,106
27,-73.832950,40.581010,107
27,-73.832880,40.581030,108
27,-73.832780,40.581050,109
27,-73.832450,40.581130,110
27,-73.832030,40.581250,111
27,-73.831930,40.581280,112
27,-73.830880,40.581570,113
27,-73.830770,40.581600,114
27,-73.830110,40.581791,115
27,-73.829910,40.581850,116
27,-73.830230,40.582590,117
27,-73.830680,40.583470,118
27,-73.830950,40.583980,119
27,-73.831180,40.583930,120
27,-73.831730,40.583784,121
36,-73.971809,40.743556,1
36,-73.971610,40.743850,2
36,-73.971540,40.743960,3
36,-73.971420,40.744060,4
36,-73.971151,40.744345,5
36,-73.971050,40.744450,6
36,-73.971000,40.744500,7
36,-73.971360,40.744560,8
36,-73.971920,40.744790,9
36,-73.972260,40.744940,10
36,-73.972580,40.745070,11
36,-73.973030,40.744450,12
36,-73.973210,40.744190,13
36,-73.973510,40.743780,14
36,-73.974470,40.744180,15
36,-73.975230,40.744510,16
36,-73.975900,40.744790,17
36,-73.977360,40.745400,18
36,-73.978110,40.745730,19
36,-73.978970,40.746090,20
36,-73.979240,40.746200,21
36,-73.979720,40.746400,22
36,-73.980110,40.746560,23
36,-73.980930,40.746900,24
36,-73.981135,40.746989,25
36,-73.981250,40.747040,26
36,-73.981340,40.747080,27
36,-73.981430,40.747110,28
36,-73.982130,40.747410,29
36,-73.982360,40.747510,30
36,-73.982960,40.747770,31
36,-73.982470,40.748430,32
36,-73.982020,40.749050,33
36,-73.981570,40.749670,34
36,-73.981464,40.749817,35
36,-73.981120,40.750280,36
36,-73.980670,40.750910,37
36,-73.980220,40.751520,38
36,-73.979770,40.752140,39
36,-73.979270,40.752830,40
36,-73.978780,40.753480,41
36,-73.978330,40.754100,42
36,-73.977870,40.754730,43
36,-73.977420,40.755350,44
36,-73.976960,40.755980,45
36,-73.976500,40.756600,46
36,-73.975580,40.756220,47
36,-73.974940,40.755950,48
36,-73.974780,40.755880,49
36,-73.974430,40.755730,50
36,-73.974010,40.755550,51
36,-73.973750,40.755440,52
36,-73.973270,40.755240,53
36,-73.973730,40.754620,54
36,-73.974080,40.754140,55
36,-73.974190,40.753990,56
36,-73.974420,40.753670,57
36,-73.974650,40.753370,58
36,-73.975100,40.752740,59
36,-73.975350,40.752400,60
36,-73.975420,40.752310,61
36,-73.975560,40.752120,62
36,-73.975810,40.751770,63
36,-73.975890,40.751660,64
36,-73.976020,40.751470,65
36,-73.976540,40.750780,66
36,-73.976990,40.750150,67
36,-73.977430,40.749540,68
36,-73.977890,40.748920,69
36,-73.978340,40.748300,70
36,-73.978790,40.747680,71
36,-73.979183,40.747147,72
36,-73.979240,40.747070,73
36,-73.979720,40.746400,74
36,-73.979240,40.746200,75
36,-73.978970,40.746090,76
36,-73.978793,40.746015,77
36,-73.978110,40.745730,78
36,-73.977360,40.745400,79
36,-73.975900,40.744790,80
36,-73.975230,40.744510,81
36,-73.974470,40.744180,82
36,-73.973510,40.743780,83
36,-73.973010,40.743570,84
36,-73.972730,40.743460,85
36,-73.972210,40.743240,86
36,-73.972160,40.743230,87
36,-73.972110,40.743210,88
36,-73.972060,40.743190,89
36,-73.971840,40.743510,90
36,-73.971681,40.743745,91
37,-73.831450,40.583856,1
37,-73.833440,40.583330,2
37,-73.834590,40.582960,3
37,-73.834210,40.582400,4
37,-73.833980,40.582140,5
37,-73.833790,40.582010,6
37,-73.833430,40.581880,7
37,-73.833240,40.581870,8
37,-73.832940,40.581890,9
37,-73.831530,40.582210,10
37,-73.830230,40.582590,11
37,-73.829910,40.581850,12
37,-73.829590,40.581950,13
37,-73.829160,40.582080,14
37,-73.827660,40.582550,15
37,-73.826070,40.583010,16
37,-73.823070,40.583900,17
37,-73.822580,40.583150,18
37,-73.821720,40.583570,19
37,-73.821100,40.583860,20
37,-73.820340,40.584220,21
37,-73.819570,40.584590,22
37,-73.818800,40.584950,23
37,-73.818050,40.585310,24
37,-73.817280,40.585660,25
37,-73.817170,40.585710,26
37,-73.816700,40.585930,27
37,-73.816560,40.586000,28
37,-73.815440,40.586460,29
37,-73.814650,40.586780,30
37,-73.813850,40.587120,31
37,-73.813050,40.587350,32
37,-73.812450,40.587410,33
37,-73.812160,40.587440,34
37,-73.811888,40.587472,35
37,-73.811240,40.587550,36
37,-73.811100,40.587600,37
37,-73.810630,40.587670,38
37,-73.809860,40.587740,39
37,-73.807450,40.588000,40
37,-73.807280,40.587990,41
37,-73.806350,40.588080,42
37,-73.805140,40.588210,43
37,-73.804310,40.588300,44
37,-73.803890,40.588400,45
37,-73.803540,40.588450,46
37,-73.802800,40.588650,47
37,-73.802000,40.588870,48
37,-73.801120,40.589090,49
37,-73.800960,40.589130,50
37,-73.800180,40.589400,51
37,-73.799340,40.589690,52
37,-73.798440,40.589990,53
37,-73.797860,40.590180,54
37,-73.796870,40.590480,55
37,-73.795910,40.590750,56
37,-73.795120,40.590950,57
37,-73.794030,40.591240,58
37,-73.793170,40.591460,59
37,-73.792250,40.591700,60
37,-73.791510,40.591880,61
37,-73.791380,40.591890,62
37,-73.791470,40.593130,63
37,-73.791220,40.593190,64
37,-73.791020,40.593270,65
37,-73.789130,40.594040,66
37,-73.788080,40.594470,67
37,-73.787230,40.594810,68
37,-73.787080,40.594850,69
37,-73.786940,40.594880,70
37,-73.786260,40.594940,71
37,-73.785730,40.594980,72
37,-73.785510,40.595000,73
37,-73.784550,40.595070,74
37,-73.784130,40.595100,75
37,-73.783610,40.595140,76
37,-73.782700,40.595200,77
37,-73.781840,40.595260,78
37,-73.780920,40.595320,79
37,-73.780463,40.595347,80
37,-73.779940,40.595380,81
37,-73.779030,40.595450,82
37,-73.778220,40.595500,83
37,-73.777390,40.595550,84
37,-73.776550,40.595610,85
37,-73.775720,40.595670,86
37,-73.774770,40.595730,87
37,-73.774590,40.595730,88
37,-73.773870,40.595760,89
37,-73.772820,40.595770,90
37,-73.772310,40.595790,91
37,-73.771500,40.595910,92
37,-73.770650,40.596000,93
37,-73.770920,40.597360,94
37,-73.770000,40.597470,95
37,-73.769000,40.597570,96
37,-73.768730,40.596210,97
37,-73.769210,40.596158,98
38,-73.831451,40.583857,1
38,-73.833440,40.583330,2
38,-73.834590,40.582960,3
38,-73.835530,40.582660,4
38,-73.836120,40.582480,5
38,-73.836370,40.582400,6
38,-73.836740,40.582280,7
38,-73.837420,40.582060,8
38,-73.837456,40.582048,9
38,-73.837900,40.581910,10
38,-73.838140,40.581850,11
38,-73.838400,40.581770,12
38,-73.837280,40.579790,13
38,-73.838100,40.579510,14
38,-73.838930,40.579240,15
38,-73.839750,40.578960,16
38,-73.840570,40.578690,17
38,-73.841390,40.578410,18
38,-73.842220,40.578140,19
38,-73.843060,40.577880,20
38,-73.843880,40.577590,21
38,-73.844700,40.577310,22
38,-73.845510,40.576980,23
38,-73.845998,40.576817,24
38,-73.846380,40.576690,25
38,-73.847190,40.576350,26
38,-73.848020,40.576010,27
38,-73.848850,40.575670,28
38,-73.849640,40.575350,29
38,-73.850410,40.575020,30
38,-73.851230,40.574700,31
38,-73.852030,40.574370,32
38,-73.852800,40.574050,33
38,-73.853610,40.573720,34
38,-73.854400,40.573400,35
38,-73.855190,40.573070,36
38,-73.855980,40.572740,37
38,-73.856780,40.572420,38
38,-73.857590,40.572100,39
38,-73.858380,40.571780,40
38,-73.858480,40.571740,41
38,-73.858533,40.571718,42
38,-73.859280,40.571410,43
38,-73.860070,40.571080,44
38,-73.860860,40.570750,45
38,-73.861660,40.570430,46
38,-73.862450,40.570110,47
38,-73.862560,40.570070,48
38,-73.863340,40.569740,49
38,-73.864130,40.569410,50
38,-73.864700,40.569220,51
38,-73.865100,40.569110,52
38,-73.865510,40.569040,53
38,-73.865820,40.569010,54
38,-73.866120,40.569020,55
38,-73.866550,40.569100,56
38,-73.866940,40.569210,57
38,-73.867110,40.569300,58
38,-73.867310,40.569320,59
38,-73.867470,40.569310,60
38,-73.867720,40.569250,61
38,-73.867950,40.569120,62
38,-73.868020,40.569060,63
38,-73.868120,40.568930,64
38,-73.868150,40.568830,65
38,-73.868160,40.568740,66
38,-73.868270,40.568520,67
38,-73.868590,40.568100,68
38,-73.868760,40.567930,69
38,-73.869050,40.567730,70
38,-73.869110,40.567700,71
38,-73.869400,40.567560,72
38,-73.869860,40.567420,73
38,-73.871490,40.566870,74
38,-73.871860,40.566740,75
38,-73.872250,40.566600,76
38,-73.872810,40.566400,77
38,-73.873000,40.566360,78
38,-73.873058,40.566328,79
38,-73.873110,40.566300,80
38,-73.873140,40.566190,81
38,-73.873050,40.566100,82
38,-73.872890,40.566080,83
38,-73.872670,40.566150,84
38,-73.872467,40.566220,85
38,-73.871720,40.566470,86
38,-73.871400,40.566580,87
38,-73.869750,40.567150,88
38,-73.868350,40.567620,89
38,-73.867790,40.567840,90
38,-73.867120,40.568100,91
38,-73.866880,40.568180,92
38,-73.866720,40.568300,93
38,-73.866630,40.568390,94
38,-73.866570,40.568560,95
38,-73.866570,40.568740,96
38,-73.866590,40.568840,97
38,-73.866720,40.569040,98
38,-73.866830,40.569130,99
38,-73.866940,40.569210,100
38,-73.867110,40.569300,101
38,-73.867340,40.569450,102
38,-73.867510,40.569600,103
38,-73.867770,40.569920,104
38,-73.867880,40.570070,105
38,-73.868180,40.570480,106
38,-73.868530,40.570860,107
38,-73.868720,40.571030,108
38,-73.868970,40.571180,109
38,-73.869310,40.571350,110
38,-73.869640,40.571450,111
38,-73.869940,40.571500,112
38,-73.870420,40.571520,113
38,-73.870660,40.571520,114
38,-73.871010,40.571480,115
38,-73.871290,40.571410,116
38,-73.872260,40.570990,117
38,-73.874860,40.569740,118
38,-73.876690,40.568850,119
38,-73.877370,40.568670,120
38,-73.877620,40.568613,121
38,-73.877900,40.568550,122
38,-73.878450,40.568480,123
38,-73.879690,40.568380,124
38,-73.879890,40.568340,125
38,-73.880200,40.568250,126
38,-73.881170,40.567850,127
38,-73.881290,40.567810,128
38,-73.881470,40.567750,129
38,-73.881720,40.567690,130
38,-73.882010,40.567640,131
38,-73.882390,40.567610,132
38,-73.882790,40.567550,133
38,-73.882700,40.567440,134
38,-73.882492,40.567076,135
39,-73.768918,40.596190,1
39,-73.769750,40.596100,2
39,-73.770650,40.596000,3
39,-73.771500,40.595910,4
39,-73.772310,40.595790,5
39,-73.772820,40.595770,6
39,-73.773870,40.595760,7
39,-73.774590,40.595730,8
39,-73.774770,40.595730,9
39,-73.775720,40.595670,10
39,-73.776550,40.595610,11
39,-73.777390,40.595550,12
39,-73.778220,40.595500,13
39,-73.779030,40.595450,14
39,-73.779940,40.595380,15
39,-73.780920,40.595320,16
39,-73.781117,40.595307,17
39,-73.781840,40.595260,18
39,-73.782700,40.595200,19
39,-73.783610,40.595140,20
39,-73.784130,40.595100,21
39,-73.784550,40.595070,22
39,-73.785510,40.595000,23
39,-73.785730,40.594980,24
39,-73.786260,40.594940,25
39,-73.786940,40.594880,26
39,-73.787080,40.594850,27
39,-73.787230,40.594810,28
39,-73.788080,40.594470,29
39,-73.789130,40.594040,30
39,-73.789040,40.592980,31
39,-73.788940,40.592150,32
39,-73.789650,40.592080,33
39,-73.790530,40.591890,34
39,-73.791380,40.591890,35
39,-73.791680,40.591850,36
39,-73.794290,40.591170,37
39,-73.795120,40.590950,38
39,-73.795910,40.590750,39
39,-73.797860,40.590180,40
39,-73.798440,40.589990,41
39,-73.799340,40.589690,42
39,-73.800180,40.589400,43
39,-73.800960,40.589130,44
39,-73.801120,40.589090,45
39,-73.802000,40.588870,46
39,-73.802800,40.588650,47
39,-73.803540,40.588450,48
39,-73.803890,40.588400,49
39,-73.804310,40.588300,50
39,-73.805140,40.588210,51
39,-73.806350,40.588080,52
39,-73.807280,40.587990,53
39,-73.807450,40.588000,54
39,-73.809860,40.587740,55
39,-73.810630,40.587670,56
39,-73.811100,40.587600,57
39,-73.811240,40.587550,58
39,-73.812160,40.587440,59
39,-73.812450,40.587410,60
39,-73.813050,40.587350,61
39,-73.813850,40.587120,62
39,-73.814650,40.586780,63
39,-73.815440,40.586460,64
39,-73.816560,40.586000,65
39,-73.816700,40.585930,66
39,-73.817170,40.585710,67
39,-73.817280,40.585660,68
39,-73.818050,40.585310,69
39,-73.818800,40.584950,70
39,-73.819570,40.584590,71
39,-73.820340,40.584220,72
39,-73.821100,40.583860,73
39,-73.821720,40.583570,74
39,-73.822580,40.583150,75
39,-73.823070,40.583900,76
39,-73.826070,40.583010,77
39,-73.827660,40.582550,78
39,-73.829160,40.582080,79
39,-73.829590,40.581950,80
39,-73.830060,40.582420,81
39,-73.830230,40.582590,82
39,-73.830680,40.583470,83
39,-73.830700,40.583500,84
39,-73.830910,40.583900,85
39,-73.830950,40.583980,86
39,-73.831180,40.583930,87
39,-73.831730,40.583784,88
50,-73.971809,40.743556,1
50,-73.971610,40.743850,2
50,-73.971540,40.743960,3
50,-73.971420,40.744060,4
50,-73.971151,40.744345,5
50,-73.971050,40.744450,6
50,-73.971000,40.744500,7
50,-73.971360,40.744560,8
50,-73.971920,40.744790,9
50,-73.972260,40.744940,10
50,-73.972580,40.745070,11
50,-73.973030,40.744450,12
50,-73.973210,40.744190,13
50,-73.973510,40.743780,14
50,-73.974470,40.744180,15
50,-73.975230,40.744510,16
50,-73.975900,40.744790,17
50,-73.977360,40.745400,18
50,-73.978110,40.745730,19
50,-73.978970,40.746090,20
50,-73.979240,40.746200,21
50,-73.979720,40.746400,22
50,-73.980110,40.746560,23
50,-73.980930,40.746900,24
50,-73.981135,40.746989,25
50,-73.981250,40.747040,26
50,-73.981340,40.747080,27
50,-73.981430,40.747110,28
50,-73.982130,40.747410,29
50,-73.982360,40.747510,30
50,-73.982960,40.747770,31
50,-73.982470,40.748430,32
50,-73.982020,40.749050,33
50,-73.981570,40.749670,34
50,-73.981120,40.750280,35
50,-73.980670,40.750910,36
50,-73.980220,40.751520,37
50,-73.979770,40.752140,38
50,-73.979270,40.752830,39
50,-73.978780,40.753480,40
50,-73.978330,40.754100,41
50,-73.977870,40.754730,42
50,-73.977420,40.755350,43
50,-73.976960,40.755980,44
50,-73.976500,40.756600,45
50,-73.975580,40.756220,46
50,-73.974940,40.755950,47
50,-73.974780,40.755880,48
50,-73.974430,40.755730,49
50,-73.974010,40.755550,50
50,-73.973750,40.755440,51
50,-73.973270,40.755240,52
50,-73.973730,40.754620,53
50,-73.974080,40.754140,54
50,-73.974190,40.753990,55
50,-73.974420,40.753670,56
50,-73.974650,40.753370,57
50,-73.975100,40.752740,58
50,-73.975350,40.752400,59
50,-73.975420,40.752310,60
50,-73.975560,40.752120,61
50,-73.975810,40.751770,62
50,-73.975890,40.751660,63
50,-73.976020,40.751470,64
50,-73.976540,40.750780,65
50,-73.976990,40.750150,66
50,-73.977430,40.749540,67
50,-73.977890,40.748920,68
50,-73.978340,40.748300,69
50,-73.978790,40.747680,70
50,-73.979183,40.747147,71
50,-73.979240,40.747070,72
50,-73.979720,40.746400,73
50,-73.979240,40.746200,74
50,-73.978970,40.746090,75
50,-73.978793,40.746015,76
50,-73.978110,40.745730,77
50,-73.977360,40.745400,78
50,-73.975900,40.744790,79
50,-73.975230,40.744510,80
50,-73.974470,40.744180,81
50,-73.973510,40.743780,82
50,-73.973010,40.743570,83
50,-73.972730,40.743460,84
50,-73.972210,40.743240,85
50,-73.972160,40.743230,86
50,-73.972110,40.743210,87
50,-73.972060,40.743190,88
50,-73.971840,40.743510,89
50,-73.971681,40.743745,90
51,-73.961876,40.741962,1
51,-73.961386,40.741857,2
51,-73.965241,40.738571,3
51,-73.965304,40.734483,4
51,-73.963677,40.731468,5
51,-73.966524,40.724141,6
51,-73.964979,40.720902,7
51,-73.967723,40.720736,8
51,-73.971905,40.712865,9
51,-73.970255,40.708578,10
51,-73.975197,40.709187,11
51,-73.993362,40.705569,12
51,-73.995810,40.703524,13
51,-74.000718,40.702701,14
51,-74.005664,40.703553,15
51,-74.006136,40.703202,16
52,-73.963895,40.731872,1
52,-73.963677,40.731468,2
52,-73.966524,40.724141,3
52,-73.964979,40.720902,4
52,-73.967723,40.720736,5
52,-73.971905,40.712865,6
52,-73.970255,40.708578,7
52,-73.975197,40.709187,8
52,-73.993362,40.705569,9
52,-73.995810,40.703524,10
52,-74.000718,40.702701,11
52,-74.005664,40.703553,12
52,-74.006136,40.703202,13
53,-73.965179,40.721321,1
53,-73.964979,40.720902,2
53,-73.967723,40.720736,3
53,-73.971905,40.712865,4
53,-73.970255,40.708578,5
53,-73.975197,40.709187,6
53,-73.993362,40.705569,7
53,-73.995810,40.703524,8
53,-74.000718,40.702701,9
53,-74.005664,40.703553,10
53,-74.006136,40.703202,11
54,-73.970420,40.709006,1
54,-73.970255,40.708578,2
54,-73.975197,40.709187,3
54,-73.993362,40.705569,4
54,-73.995810,40.703524,5
54,-74.000718,40.702701,6
54,-74.005664,40.703553,7
54,-74.006136,40.703202,8
55,-73.995200,40.704033,1
55,-73.995810,40.703524,2
55,-74.000718,40.702701,3
55,-74.005664,40.703553,4
55,-74.006136,40.703202,5
56,-73.996591,40.703383,1
56,-73.995785,40.703523,2
56,-73.993389,40.705562,3
56,-73.975241,40.709227,4
56,-73.970245,40.708577,5
56,-73.971855,40.712771,6
56,-73.967867,40.720738,7
56,-73.964980,40.720891,8
56,-73.966260,40.723986,9
56,-73.963611,40.731428,10
56,-73.965262,40.734396,11
56,-73.965165,40.738551,12
56,-73.961383,40.741858,13
56,-73.970570,40.744072,14
56,-73.970837,40.743669,15
57,-73.970823,40.708652,1
57,-73.970245,40.708577,2
57,-73.971855,40.712771,3
57,-73.967867,40.720738,4
57,-73.964980,40.720891,5
57,-73.966260,40.723986,6
57,-73.963611,40.731428,7
57,-73.965262,40.734396,8
57,-73.965165,40.738551,9
57,-73.961383,40.741858,10
57,-73.970570,40.744072,11
57,-73.970837,40.743669,12
58,-73.965565,40.720860,1
58,-73.964980,40.720891,2
58,-73.966260,40.723986,3
58,-73.963611,40.731428,4
58,-73.965262,40.734396,5
58,-73.965165,40.738551,6
58,-73.961383,40.741858,7
58,-73.970570,40.744072,8
58,-73.970837,40.743669,9
59,-73.963760,40.731011,1
59,-73.963611,40.731428,2
59,-73.965262,40.734396,3
59,-73.965165,40.738551,4
59,-73.961383,40.741858,5
59,-73.970570,40.744072,6
59,-73.970837,40.743669,7
60,-73.961717,40.741566,1
60,-73.961383,40.741858,2
60,-73.970570,40.744072,3
60,-73.970837,40.743669,4
61,-74.026404,40.646248,1
61,-74.028428,40.647789,2
61,-74.034479,40.645946,3
61,-74.038373,40.642601,4
61,-74.041254,40.639116,5
61,-74.044386,40.627640,6
61,-74.044666,40.621731,7
61,-74.042614,40.613028,8
61,-74.040468,40.607807,9
61,-74.037388,40.602376,10
61,-74.028476,40.589152,11
61,-74.020888,40.579963,12
61,-74.014268,40.572003,13
61,-74.010739,40.569817,14
61,-74.006474,40.568682,15
61,-73.988682,40.565954,16
61,-73.980590,40.565720,17
61,-73.971355,40.566106,18
61,-73.948083,40.563445,19
61,-73.939251,40.562744,20
61,-73.933852,40.562603,21
61,-73.929294,40.563262,22
61,-73.884949,40.573716,23
61,-73.867578,40.577870,24
61,-73.855540,40.582908,25
61,-73.850421,40.583650,26
61,-73.831224,40.584166,27
62,-74.026391,40.646259,1
62,-74.029819,40.648677,2
62,-74.025453,40.656045,3
62,-74.023535,40.660387,4
62,-74.022420,40.666055,5
62,-74.022257,40.672397,6
62,-74.021927,40.677032,7
62,-74.021505,40.678334,8
62,-74.019526,40.680796,9
62,-74.015440,40.684568,10
62,-74.012290,40.687795,11
62,-74.010390,40.690153,12
62,-74.006031,40.698352,13
62,-74.004233,40.700243,14
62,-74.004218,40.701915,15
62,-74.003847,40.702966,16
62,-74.004681,40.703461,17
62,-74.005468,40.703515,18
62,-74.006138,40.703205,19
64,-74.006172,40.703064,1
64,-74.005674,40.703485,2
64,-74.000557,40.703491,3
64,-73.996168,40.704477,4
64,-73.993389,40.705562,5
64,-73.975241,40.709227,6
64,-73.972721,40.710774,7
64,-73.971855,40.712771,8
64,-73.967867,40.720738,9
64,-73.966892,40.722193,10
64,-73.966260,40.723986,11
64,-73.965401,40.731551,12
64,-73.965262,40.734396,13
64,-73.965165,40.738551,14
64,-73.966259,40.741340,15
64,-73.970570,40.744072,16
64,-73.970837,40.743669,17
66,-73.969930,40.744716,1
66,-73.970737,40.743856,2
66,-73.967134,40.741348,3
66,-73.965241,40.738571,4
66,-73.965304,40.734483,5
66,-73.965332,40.731653,6
66,-73.966524,40.724141,7
66,-73.967233,40.721889,8
66,-73.967723,40.720736,9
66,-73.971905,40.712865,10
66,-73.973128,40.710573,11
66,-73.975197,40.709187,12
66,-73.993362,40.705569,13
66,-73.996507,40.704326,14
66,-74.000830,40.703237,15
66,-74.005664,40.703553,16
66,-74.006136,40.703202,17
70,-73.831451,40.583858,1
70,-73.833440,40.583330,2
70,-73.834590,40.582960,3
70,-73.835348,40.582718,4
70,-73.835530,40.582660,5
70,-73.836120,40.582480,6
70,-73.836370,40.582400,7
70,-73.836740,40.582280,8
70,-73.837420,40.582060,9
70,-73.837900,40.581910,10
70,-73.838140,40.581850,11
70,-73.838400,40.581770,12
70,-73.838240,40.581450,13
70,-73.837280,40.579790,14
70,-73.838100,40.579510,15
70,-73.838930,40.579240,16
70,-73.839750,40.578960,17
70,-73.840570,40.578690,18
70,-73.841390,40.578410,19
70,-73.842220,40.578140,20
70,-73.843060,40.577880,21
70,-73.843880,40.577590,22
70,-73.844700,40.577310,23
70,-73.845510,40.576980,24
70,-73.845998,40.576817,25
70,-73.846380,40.576690,26
70,-73.847190,40.576350,27
70,-73.848020,40.576010,28
70,-73.848850,40.575670,29
70,-73.849640,40.575350,30
70,-73.850410,40.575020,31
70,-73.851230,40.574700,32
70,-73.852030,40.574370,33
70,-73.852800,40.574050,34
70,-73.853610,40.573720,35
70,-73.854400,40.573400,36
70,-73.855190,40.573070,37
70,-73.855980,40.572740,38
70,-73.856780,40.572420,39
70,-73.857590,40.572100,40
70,-73.858380,40.571780,41
70,-73.858480,40.571740,42
70,-73.858533,40.571718,43
70,-73.859280,40.571410,44
70,-73.860070,40.571080,45
70,-73.860860,40.570750,46
70,-73.861660,40.570430,47
70,-73.862450,40.570110,48
70,-73.862560,40.570070,49
70,-73.863340,40.569740,50
70,-73.864130,40.569410,51
70,-73.864700,40.569220,52
70,-73.865100,40.569110,53
70,-73.865510,40.569040,54
70,-73.865820,40.569010,55
70,-73.866120,40.569020,56
70,-73.866550,40.569100,57
70,-73.866940,40.569210,58
70,-73.867110,40.569300,59
70,-73.867310,40.569320,60
70,-73.867470,40.569310,61
70,-73.867720,40.569250,62
70,-73.867950,40.569120,63
70,-73.868020,40.569060,64
70,-73.868120,40.568930,65
70,-73.868150,40.568830,66
70,-73.868160,40.568740,67
70,-73.868270,40.568520,68
70,-73.868590,40.568100,69
70,-73.868760,40.567930,70
70,-73.869050,40.567730,71
70,-73.869400,40.567560,72
70,-73.869616,40.567494,73
70,-73.869860,40.567420,74
70,-73.871490,40.566870,75
70,-73.871860,40.566740,76
70,-73.872250,40.566600,77
70,-73.872810,40.566400,78
70,-73.873000,40.566360,79
70,-73.873110,40.566300,80
70,-73.873140,40.566190,81
70,-73.873050,40.566100,82
70,-73.873002,40.566093,83
70,-73.872890,40.566080,84
70,-73.872670,40.566150,85
70,-73.872275,40.566286,86
79,-73.957451,40.748945,1
79,-73.957826,40.748164,2
79,-73.964173,40.745494,3
79,-73.970424,40.744308,4
79,-73.970951,40.743596,5
79,-73.971617,40.733752,6
79,-73.972872,40.732577,7
79,-73.973017,40.731640,8
79,-73.969499,40.729012,9
79,-73.969732,40.721734,10
79,-73.973068,40.712399,11
79,-73.975492,40.710160,12
79,-73.979574,40.710152,13
79,-73.983501,40.708275,14
79,-73.990824,40.707436,15
79,-74.002459,40.703280,16
79,-74.005336,40.703453,17
79,-74.005884,40.703065,18
82,-74.006127,40.702897,1
82,-74.005321,40.703463,2
82,-74.002438,40.703289,3
82,-73.990829,40.707439,4
82,-73.983581,40.708286,5
82,-73.979031,40.710268,6
82,-73.975463,40.710173,7
82,-73.973036,40.712371,8
82,-73.969748,40.721668,9
82,-73.969537,40.730395,10
82,-73.973544,40.732418,11
82,-73.971177,40.733868,12
82,-73.970961,40.743608,13
82,-73.970449,40.744285,14
82,-73.964225,40.745471,15
82,-73.957824,40.748173,16
82,-73.957617,40.748686,17
83,-74.006151,40.702918,1
83,-74.005306,40.703453,2
83,-74.002489,40.703235,3
83,-73.990829,40.707439,4
83,-73.983581,40.708286,5
83,-73.975463,40.710173,6
83,-73.973036,40.712371,7
83,-73.969748,40.721668,8
83,-73.969510,40.730411,9
83,-73.970951,40.743612,10
83,-73.970434,40.744308,11
83,-73.959848,40.754535,12
83,-73.940558,40.775681,13
83,-73.942383,40.778087,14
83,-73.935216,40.779051,15
83,-73.926684,40.779777,16
83,-73.911118,40.792827,17
83,-73.900606,40.797578,18
83,-73.890740,40.800382,19
83,-73.884114,40.799567,20
83,-73.872631,40.797684,21
83,-73.849377,40.802374,22
83,-73.848847,40.804422,23
84,-73.848830,40.804556,1
84,-73.849380,40.802383,2
84,-73.872655,40.797666,3
84,-73.884036,40.799537,4
84,-73.890767,40.800404,5
84,-73.900489,40.797546,6
84,-73.911264,40.792781,7
84,-73.926745,40.779768,8
84,-73.935247,40.779085,9
84,-73.942774,40.777362,10
84,-73.940492,40.775662,11
84,-73.959437,40.754938,12
84,-73.970449,40.744293,13
84,-73.970946,40.743608,14
84,-73.969388,40.730564,15
84,-73.969873,40.721493,16
84,-73.972994,40.712357,17
84,-73.975518,40.710142,18
84,-73.983508,40.708256,19
84,-73.990910,40.707389,20
84,-74.002465,40.703230,21
84,-74.005299,40.703451,22
84,-74.005946,40.703046,23
85,-74.006062,40.703689,1
85,-74.003933,40.701792,2
85,-74.004188,40.700215,3
85,-74.006007,40.698349,4
85,-74.010232,40.690066,5
85,-74.019561,40.680798,6
85,-74.021249,40.678667,7
85,-74.021872,40.677126,8
85,-74.022368,40.666074,9
85,-74.023439,40.660397,10
85,-74.025251,40.656131,11
85,-74.028724,40.650525,12
85,-74.031354,40.646906,13
85,-74.034768,40.645607,14
85,-74.038373,40.642601,15
85,-74.041254,40.639116,16
85,-74.044386,40.627640,17
85,-74.044666,40.621731,18
85,-74.042614,40.613028,19
85,-74.040468,40.607807,20
85,-74.037388,40.602376,21
85,-74.028476,40.589152,22
85,-74.020888,40.579963,23
85,-74.014268,40.572003,24
85,-74.010739,40.569817,25
85,-74.006474,40.568682,26
85,-73.988682,40.565954,27
85,-73.980590,40.565720,28
85,-73.971355,40.566106,29
85,-73.948083,40.563445,30
85,-73.939251,40.562744,31
85,-73.933852,40.562603,32
85,-73.929294,40.563262,33
85,-73.884949,40.573716,34
85,-73.867578,40.577870,35
85,-73.855540,40.582908,36
85,-73.850421,40.583650,37
85,-73.831224,40.584166,38
86,-73.831271,40.584164,1
86,-73.836088,40.584060,2
86,-73.841275,40.584026,3
86,-73.852442,40.583656,4
86,-73.854829,40.583216,5
86,-73.857393,40.582270,6
86,-73.861165,40.580554,7
86,-73.867578,40.577944,8
86,-73.872139,40.576854,9
86,-73.884453,40.573922,10
86,-73.893169,40.572407,11
86,-73.904571,40.569980,12
86,-73.916883,40.566968,13
86,-73.925850,40.564361,14
86,-73.929926,40.563307,15
86,-73.934058,40.562777,16
86,-73.939040,40.562824,17
86,-73.948213,40.563561,18
86,-73.957752,40.564748,19
86,-73.971489,40.566358,20
86,-73.980729,40.565812,21
86,-73.988773,40.566021,22
86,-74.000286,40.567960,23
86,-74.006520,40.568942,24
86,-74.010761,40.569916,25
86,-74.014209,40.571927,26
86,-74.017085,40.575490,27
86,-74.024098,40.583308,28
86,-74.028538,40.588971,29
86,-74.033195,40.596223,30
86,-74.038959,40.605163,31
86,-74.041960,40.612173,32
86,-74.043721,40.618505,33
86,-74.044265,40.621926,34
86,-74.044306,40.626962,35
86,-74.043524,40.631565,36
86,-74.042660,40.635314,37
86,-74.042044,40.637307,38
86,-74.041043,40.639159,39
86,-74.039454,40.641119,40
86,-74.038306,40.642594,41
86,-74.036342,40.644463,42
86,-74.034393,40.646010,43
86,-74.031467,40.646913,44
86,-74.028753,40.650586,45
86,-74.025453,40.656045,46
86,-74.023535,40.660387,47
86,-74.022420,40.666055,48
86,-74.022257,40.672397,49
86,-74.021927,40.677032,50
86,-74.021505,40.678334,51
86,-74.019526,40.680796,52
86,-74.015440,40.684568,53
86,-74.012290,40.687795,54
86,-74.010390,40.690153,55
86,-74.006031,40.698352,56
86,-74.004233,40.700243,57
86,-74.003961,40.701837,58
86,-74.006030,40.703634,59
91,-73.935268,40.771980,1
91,-73.937401,40.771037,2
91,-73.941405,40.768522,3
91,-73.942696,40.767101,4
91,-73.948152,40.761048,5
91,-73.951063,40.757875,6
91,-73.951987,40.757463,7
91,-73.952999,40.756243,8
91,-73.953198,40.755407,9
91,-73.954802,40.753265,10
91,-73.956858,40.751102,11
91,-73.957601,40.748696,12
91,-73.957824,40.748181,13
91,-73.964200,40.745491,14
91,-73.970556,40.744135,15
91,-73.970860,40.743752,16
91,-73.968908,40.730871,17
91,-73.969732,40.721734,18
91,-73.973068,40.712399,19
91,-73.974311,40.709620,20
91,-73.974279,40.707829,21
91,-73.973526,40.705601,22
91,-73.972610,40.703350,23
91,-73.972990,40.702270,24
91,-73.974235,40.701581,25
91,-73.976222,40.703309,26
91,-73.979049,40.706156,27
91,-73.990824,40.707436,28
91,-74.002462,40.703280,29
91,-74.005333,40.703456,30
91,-74.005884,40.703066,31
92,-74.006169,40.702935,1
92,-74.005320,40.703456,2
92,-74.002447,40.703292,3
92,-73.990903,40.707368,4
92,-73.979029,40.706300,5
92,-73.974431,40.702389,6
92,-73.973209,40.701510,7
92,-73.972656,40.703495,8
92,-73.975668,40.710117,9
92,-73.973093,40.712362,10
92,-73.969789,40.721600,11
92,-73.968930,40.730934,12
92,-73.970856,40.743747,13
92,-73.970557,40.744134,14
92,-73.964226,40.745477,15
92,-73.957813,40.748195,16
92,-73.957603,40.748680,17
92,-73.956867,40.751109,18
92,-73.954848,40.753237,19
92,-73.953199,40.755412,20
92,-73.952994,40.756239,21
92,-73.951984,40.757463,22
92,-73.951062,40.757868,23
92,-73.948889,40.760244,24
92,-73.941422,40.768517,25
92,-73.937412,40.771034,26
92,-73.935263,40.771977,27
99,-73.971540,40.743666,1
99,-73.964139,40.746183,2
99,-73.958481,40.748446,3
99,-73.956936,40.748432,4
99,-73.956987,40.747594,5
99,-73.961071,40.744949,6
99,-73.965241,40.738571,7
99,-73.965304,40.734483,8
99,-73.963673,40.731868,9
99,-73.963572,40.730892,10
99,-73.966524,40.724141,11
99,-73.964590,40.720213,12
99,-73.965560,40.719947,13
99,-73.967723,40.720736,14
99,-73.971905,40.712865,15
99,-73.969905,40.707766,16
99,-73.971239,40.707461,17
99,-73.974087,40.709461,18
99,-73.993890,40.705089,19
99,-73.995874,40.703444,20
99,-73.996490,40.703558,21
99,-74.000933,40.702967,22
99,-74.005319,40.703456,23
99,-74.006131,40.702900,24
100,-74.006172,40.702937,1
100,-74.005319,40.703455,2
100,-74.000941,40.702966,3
100,-73.995546,40.703561,4
100,-73.995168,40.704020,5
100,-73.993888,40.705096,6
100,-73.975241,40.709227,7
100,-73.969438,40.708472,8
100,-73.969329,40.709187,9
100,-73.971109,40.710918,10
100,-73.971855,40.712771,11
100,-73.967797,40.720734,12
100,-73.964132,40.720930,13
100,-73.964229,40.721566,14
100,-73.965851,40.722844,15
100,-73.966493,40.724127,16
100,-73.963566,40.730888,17
100,-73.963659,40.731853,18
100,-73.965262,40.734396,19
100,-73.965221,40.738559,20
100,-73.961007,40.744972,21
100,-73.957460,40.748702,22
100,-73.957935,40.748937,23
100,-73.959209,40.748184,24
100,-73.964243,40.746163,25
100,-73.971009,40.743854,26
