shape_id,shape_pt_lat,shape_pt_lon,shape_pt_sequence,shape_dist_traveled
gm0,38.87847,-77.27147,1,0
gm0,38.87852,-77.2714,2,8.22
gm0,38.87857,-77.27138,3,14.04
gm0,38.87862,-77.27136,4,19.85
gm0,38.87881,-77.27138,5,41.04
gm0,38.87941,-77.27157,6,109.7
gm0,38.87962,-77.27027,7,224.54
gm0,38.87978,-77.26966,8,280.22
gm0,38.88008,-77.2692,9,332.12
gm0,38.88037,-77.26897,10,369.99
gm0,38.88117,-77.26897,11,458.88
gm0,38.88167,-77.26905,12,514.87
gm0,38.88219,-77.26907,13,572.67
gm0,38.88272,-77.26838,14,656.51
gm0,38.88283,-77.26796,15,694.84
gm0,38.88101,-77.26757,16,899.86
gm0,38.87876,-77.26742,17,1150.19
gm0,38.8781,-77.26723,18,1225.34
gm0,38.87709,-77.26644,19,1356.73
gm0,38.87578,-77.2652,20,1537.54
gm0,38.87505,-77.26454,21,1636.73
gm0,38.87397,-77.26397,22,1766.47
gm0,38.87279,-77.2635,23,1903.74
gm0,38.87276,-77.26349,24,1907.18
gm0,38.87187,-77.2631,25,2011.66
gm0,38.87113,-77.26306,26,2093.96
gm0,38.8702,-77.26346,27,2202.93
gm0,38.86982,-77.26352,28,2245.47
gm0,38.8694,-77.26338,29,2293.69
gm0,38.86871,-77.26299,30,2377.45
gm0,38.86757,-77.2627,31,2506.57
gm0,38.86715,-77.26253,32,2555.5
gm0,38.8665,-77.26212,33,2635.97
gm0,38.86581,-77.26203,34,2713.03
gm0,38.8652,-77.26207,35,2780.89
gm0,38.86514,-77.26598,36,3119.23
gm0,38.86504,-77.26925,37,3402.35
gm0,38.86501,-77.27194,38,3635.09
gm0,38.86488,-77.27436,39,3844.96
gm0,38.86461,-77.27586,40,3978.15
gm0,38.86436,-77.2778,41,4148.46
gm0,38.86425,-77.27862,42,4220.44
gm0,38.8641,-77.28135,43,4457.22
gm0,38.86381,-77.28387,44,4677.44
gm0,38.86342,-77.2866,45,4917.57
gm0,38.86303,-77.2895,46,5172.19
gm0,38.86253,-77.29211,47,5404.73
gm0,38.86201,-77.29482,48,5646.2
gm0,38.86142,-77.29746,49,5883.83
gm0,38.86089,-77.29992,50,6104.67
gm0,38.8606,-77.30134,51,6231.68
gm0,38.86075,-77.30147,52,6248.7
gm0,38.86098,-77.30168,53,6280.06
gm0,38.86104,-77.30195,54,6304.35
gm0,38.86118,-77.30433,55,6510.86
gm0,38.86123,-77.30731,56,6768.74
gm0,38.85964,-77.30753,57,6946.43
gm0,38.85754,-77.30748,58,7179.8
gm0,38.85555,-77.30745,59,7409.84
gm0,38.85359,-77.30756,60,7627.83
gm0,38.85159,-77.30782,61,7851.19
gm0,38.85055,-77.30802,62,7968.03
gm0,38.85034,-77.30764,63,8008.35
gm0,38.85002,-77.307,64,8074.16
gm0,38.84977,-77.30672,65,8111.02
gm0,38.84915,-77.3065,66,8182.49
gm0,38.84711,-77.30631,67,8409.76
gm0,38.84442,-77.30749,68,8725.61
gm0,38.84318,-77.30854,69,8891.58
gm0,38.84287,-77.30877,70,8931.36
gm0,38.84208,-77.30929,71,9030
gm0,38.84051,-77.31036,72,9227.5
gm0,38.83862,-77.31169,73,9466.98
gm0,38.83827,-77.31198,74,9513.26
gm0,38.83774,-77.31217,75,9574.41
gm0,38.83724,-77.31216,76,9629.97
gm0,38.83651,-77.31194,77,9713.28
gm0,38.83596,-77.31175,78,9776.57
gm0,38.83526,-77.31187,79,9855.04
gm0,38.83512,-77.31183,80,9870.97
gm0,38.83504,-77.31172,81,9884
gm0,38.83501,-77.31159,82,9895.73
gm0,38.83512,-77.31037,83,10002.03
gm0,38.83524,-77.30882,84,10136.84
gm0,38.8353,-77.30821,85,10190.06
gm1,38.87847,-77.27147,1,0
gm1,38.87852,-77.2714,2,8.22
gm1,38.87862,-77.27136,3,19.85
gm1,38.87881,-77.27138,4,41.04
gm1,38.87941,-77.27157,5,109.7
gm1,38.87962,-77.27027,6,224.54
gm1,38.87978,-77.26966,7,280.22
gm1,38.88008,-77.2692,8,332.12
gm1,38.88037,-77.26897,9,369.99
gm1,38.88117,-77.26897,10,458.88
gm1,38.88167,-77.26905,11,514.87
gm1,38.88219,-77.26907,12,572.67
gm1,38.88272,-77.26838,13,656.51
gm1,38.88283,-77.26796,14,694.84
gm1,38.88101,-77.26757,15,899.86
gm1,38.87876,-77.26742,16,1150.19
gm1,38.8781,-77.26723,17,1225.34
gm1,38.87709,-77.26644,18,1356.73
gm1,38.87578,-77.2652,19,1537.54
gm1,38.87505,-77.26454,20,1636.73
gm1,38.87397,-77.26397,21,1766.47
gm1,38.87279,-77.2635,22,1903.74
gm1,38.87276,-77.26349,23,1907.18
gm1,38.87187,-77.2631,24,2011.66
gm1,38.87113,-77.26306,25,2093.96
gm1,38.8702,-77.26346,26,2202.93
gm1,38.86982,-77.26352,27,2245.47
gm1,38.8694,-77.26338,28,2293.69
gm1,38.86871,-77.26299,29,2377.45
gm1,38.86757,-77.2627,30,2506.57
gm1,38.86715,-77.26253,31,2555.5
gm1,38.8665,-77.26212,32,2635.97
gm1,38.86581,-77.26203,33,2713.03
gm1,38.8652,-77.26207,34,2780.89
gm1,38.86514,-77.26598,35,3119.23
gm1,38.86504,-77.26925,36,3402.35
gm1,38.86501,-77.27194,37,3635.09
gm1,38.86488,-77.27436,38,3844.96
gm1,38.86461,-77.27586,39,3978.15
gm1,38.8635,-77.2761,40,4106.37
gm1,38.863,-77.27441,41,4263.18
gm1,38.86261,-77.27203,42,4473.6
gm1,38.86215,-77.26979,43,4674.02
gm1,38.86006,-77.27091,44,4925.65
gm1,38.85813,-77.27091,45,5140.1
gm1,38.85747,-77.2709,46,5213.44
gm1,38.85561,-77.27114,47,5421.14
gm1,38.85376,-77.27165,48,5631.38
gm1,38.85191,-77.27215,49,5841.44
gm1,38.85005,-77.27263,50,6052.24
gm1,38.84816,-77.27305,51,6265.36
gm1,38.84624,-77.27236,52,6486.89
gm1,38.84433,-77.27186,53,6703.48
gm1,38.84281,-77.2718,54,6872.45
gm1,38.8412,-77.2719,55,7051.55
gm1,38.84146,-77.27442,56,7270.54
gm1,38.84172,-77.27682,57,7480.24
gm1,38.84211,-77.2792,58,7690.72
gm1,38.84243,-77.28163,59,7904
gm1,38.84278,-77.28406,60,8117.86
gm1,38.84311,-77.28645,61,8327.92
gm1,38.84335,-77.28887,62,8539.04
gm1,38.8434,-77.28941,63,8586.1
gm1,38.84376,-77.29175,64,8792.52
gm1,38.84405,-77.29421,65,9007.83
gm1,38.84439,-77.2967,66,9226.6
gm1,38.84479,-77.29914,67,9442.38
gm1,38.84518,-77.30168,68,9666.42
gm1,38.84568,-77.30399,69,9873.9
gm1,38.84645,-77.30368,70,9963.56
gm1,38.84656,-77.30401,71,9994.62
gm1,38.84683,-77.30499,72,10084.58
gm1,38.84672,-77.3051,73,10100.07
gm1,38.84638,-77.30524,74,10139.74
gm1,38.84494,-77.30583,75,10307.69
gm1,38.84351,-77.30633,76,10472.37
gm1,38.84148,-77.30716,77,10709.08
gm1,38.84073,-77.30757,78,10799.66
gm1,38.83988,-77.30795,79,10899.66
gm1,38.83962,-77.3081,80,10931.34
gm1,38.83935,-77.30834,81,10967.82
gm1,38.83915,-77.30856,82,10997.09
gm1,38.839,-77.30872,83,11018.76
gm1,38.83887,-77.30885,84,11037.07
gm1,38.83865,-77.30897,85,11063.62
gm1,38.83838,-77.30904,86,11094.23
gm1,38.83766,-77.30899,87,11174.35
gm1,38.83753,-77.30899,88,11188.79
gm1,38.83739,-77.309,89,11204.37
gm1,38.83726,-77.30905,90,11219.45
gm1,38.83716,-77.30909,91,11231.09
gm1,38.83706,-77.30911,92,11242.33
gm1,38.83699,-77.3091,93,11250.16
gm1,38.83662,-77.30905,94,11291.5
gm1,38.83643,-77.30897,95,11313.71
gm1,38.83627,-77.30887,96,11333.49
gm1,38.83607,-77.30874,97,11358.4
gm1,38.83592,-77.30865,98,11376.79
gm1,38.83575,-77.30858,99,11396.63
gm1,38.83554,-77.30854,100,11420.22
gm1,38.83541,-77.3085,101,11435.07
gm1,38.83533,-77.30841,102,11446.89
gm1,38.8353,-77.30831,103,11456.16
gm1,38.8353,-77.30821,104,11464.82
gm2,38.85606,-77.33241,1,0
gm2,38.85544,-77.33271,2,73.62
gm2,38.85539,-77.33273,3,79.44
gm2,38.85448,-77.33286,4,181.17
gm2,38.85359,-77.33274,5,280.6
gm2,38.85164,-77.33217,6,502.81
gm2,38.85169,-77.33137,7,572.26
gm2,38.85225,-77.32728,8,931.6
gm2,38.85278,-77.32405,9,1217.22
gm2,38.85178,-77.32169,10,1449.7
gm2,38.85083,-77.31936,11,1677.28
gm2,38.84996,-77.31731,12,1879.3
gm2,38.84905,-77.31524,13,2084.99
gm2,38.84861,-77.31403,14,2200.55
gm2,38.84858,-77.31397,15,2206.72
gm2,38.84852,-77.31392,16,2214.66
gm2,38.84846,-77.31391,17,2221.39
gm2,38.84815,-77.31406,18,2258.19
gm2,38.84805,-77.31409,19,2269.61
gm2,38.84789,-77.31409,20,2287.38
gm2,38.84775,-77.31408,21,2302.96
gm2,38.8476,-77.31408,22,2319.63
gm2,38.84749,-77.31409,23,2331.88
gm2,38.84734,-77.31417,24,2349.93
gm2,38.8469,-77.31444,25,2404.11
gm2,38.84669,-77.31456,26,2429.65
gm2,38.84629,-77.31476,27,2477.35
gm2,38.84529,-77.31509,28,2592.07
gm2,38.84479,-77.31516,29,2647.96
gm2,38.84472,-77.31516,30,2655.73
gm2,38.84467,-77.31512,31,2662.28
gm2,38.84464,-77.31508,32,2667.09
gm2,38.8445,-77.31462,33,2709.83
gm2,38.84379,-77.31212,34,2940.11
gm2,38.84331,-77.31051,35,3089.3
gm2,38.84289,-77.30903,36,3225.61
gm2,38.84285,-77.30895,37,3233.84
gm2,38.84279,-77.30891,38,3241.35
gm2,38.84272,-77.30889,39,3249.32
gm2,38.84265,-77.30893,40,3257.83
gm2,38.84208,-77.30929,41,3328.42
gm2,38.84051,-77.31036,42,3525.91
gm2,38.83862,-77.31169,43,3765.39
gm2,38.83827,-77.31198,44,3811.68
gm2,38.83774,-77.31217,45,3872.82
gm2,38.83724,-77.31216,46,3928.38
gm2,38.83651,-77.31194,47,4011.7
gm2,38.83596,-77.31175,48,4074.98
gm2,38.83526,-77.31187,49,4153.45
gm2,38.83512,-77.31183,50,4169.38
gm2,38.83504,-77.31172,51,4182.41
gm2,38.83501,-77.31159,52,4194.14
gm2,38.83512,-77.31037,53,4300.44
gm2,38.83524,-77.30882,54,4435.26
gm2,38.8353,-77.30821,55,4488.47
gm3,38.87847,-77.27147,1,0
gm3,38.87852,-77.2714,2,8.22
gm3,38.87857,-77.27138,3,14.04
gm3,38.87862,-77.27136,4,19.85
gm3,38.87881,-77.27138,5,41.04
gm3,38.87952,-77.2717,6,124.64
gm3,38.87946,-77.2739,7,315.05
gm3,38.8791,-77.27516,8,431.14
gm3,38.87846,-77.27637,9,557.68
gm3,38.87821,-77.27757,10,665.13
gm3,38.87841,-77.27963,11,844.69
gm3,38.87786,-77.27996,12,912.14
gm3,38.87684,-77.27997,13,1025.48
gm3,38.87641,-77.28024,14,1078.66
gm3,38.87617,-77.28059,15,1119
gm3,38.87593,-77.2816,16,1210.35
gm3,38.87566,-77.28417,17,1434.67
gm3,38.87411,-77.28251,18,1658.9
gm3,38.87258,-77.28081,19,1883.68
gm3,38.87118,-77.27925,20,2089.62
gm3,38.86964,-77.27799,21,2292.49
gm3,38.86925,-77.27759,22,2347.95
gm3,38.86881,-77.27714,23,2410.44
gm3,38.86837,-77.27795,24,2495.12
gm3,38.86846,-77.28028,25,2696.94
gm3,38.86846,-77.28136,26,2790.37
gm3,38.86629,-77.28136,27,3031.48
gm3,38.86409,-77.28136,28,3275.93
gm3,38.86381,-77.28387,29,3496.15
gm3,38.86342,-77.2866,30,3736.28
gm3,38.86303,-77.2895,31,3990.9
gm3,38.86253,-77.29211,32,4223.44
gm3,38.86201,-77.29482,33,4464.91
gm3,38.86142,-77.29746,34,4702.54
gm3,38.86089,-77.29992,35,4923.38
gm3,38.8606,-77.30134,36,5050.39
gm3,38.85924,-77.30531,37,5425.64
gm3,38.85843,-77.30742,38,5629.18
gm3,38.85757,-77.30981,39,5857.77
gm3,38.85684,-77.3117,40,6040.31
gm3,38.85715,-77.31425,41,6263.62
gm3,38.85729,-77.3168,42,6484.8
gm3,38.8573,-77.31745,43,6541.05
gm3,38.85788,-77.31978,44,6752.7
gm3,38.85823,-77.32221,45,6966.52
gm3,38.85899,-77.32471,46,7198.72
gm3,38.85936,-77.32639,47,7349.78
gm3,38.86101,-77.32535,48,7554
gm3,38.86157,-77.32476,49,7634.48
gm3,38.86242,-77.32644,50,7807.82
gm3,38.86096,-77.32767,51,8001.83
gm3,38.85944,-77.32935,52,8224.66
gm3,38.85795,-77.33081,53,8432.9
gm3,38.85629,-77.3323,54,8657.94
gm3,38.85606,-77.33241,55,8685.21
gm3,38.85544,-77.33271,56,8758.82
gm3,38.85539,-77.33273,57,8764.64
gm3,38.85448,-77.33286,58,8866.38
gm3,38.85359,-77.33274,59,8965.81
gm3,38.85164,-77.33217,60,9188.02
gm3,38.85169,-77.33137,61,9257.47
gm3,38.85225,-77.32728,62,9616.8
gm3,38.85278,-77.32405,63,9902.43
gm3,38.85178,-77.32169,64,10134.91
gm3,38.85083,-77.31936,65,10362.49
gm3,38.84996,-77.31731,66,10564.51
gm3,38.84905,-77.31524,67,10770.2
gm3,38.84861,-77.31403,68,10885.75
gm3,38.84858,-77.31397,69,10891.92
gm3,38.84852,-77.31392,70,10899.87
gm3,38.84846,-77.31391,71,10906.59
gm3,38.84815,-77.31406,72,10943.4
gm3,38.84805,-77.31409,73,10954.81
gm3,38.84789,-77.31409,74,10972.59
gm3,38.84775,-77.31408,75,10988.17
gm3,38.8476,-77.31408,76,11004.84
gm3,38.84749,-77.31409,77,11017.09
gm3,38.84734,-77.31417,78,11035.14
gm3,38.8469,-77.31444,79,11089.32
gm3,38.84669,-77.31456,80,11114.86
gm3,38.84629,-77.31476,81,11162.56
gm3,38.84529,-77.31509,82,11277.28
gm3,38.84479,-77.31516,83,11333.16
gm3,38.84472,-77.31516,84,11340.94
gm3,38.84467,-77.31512,85,11347.49
gm3,38.84464,-77.31508,86,11352.29
gm3,38.8445,-77.31462,87,11395.03
gm3,38.84379,-77.31212,88,11625.32
gm3,38.84331,-77.31051,89,11774.5
gm3,38.84289,-77.30903,90,11910.82
gm3,38.84285,-77.30895,91,11919.05
gm3,38.84279,-77.30891,92,11926.56
gm3,38.84272,-77.30889,93,11934.53
gm3,38.84265,-77.30893,94,11943.04
gm3,38.84208,-77.30929,95,12013.62
gm3,38.84051,-77.31036,96,12211.12
gm3,38.83862,-77.31169,97,12450.6
gm3,38.83827,-77.31198,98,12496.88
gm3,38.83774,-77.31217,99,12558.02
gm3,38.83724,-77.31216,100,12613.59
gm3,38.83651,-77.31194,101,12696.9
gm3,38.83596,-77.31175,102,12760.19
gm3,38.83526,-77.31187,103,12838.66
gm3,38.83512,-77.31183,104,12854.59
gm3,38.83504,-77.31172,105,12867.62
gm3,38.83501,-77.31159,106,12879.35
gm3,38.83512,-77.31037,107,12985.65
gm3,38.83524,-77.30882,108,13120.46
gm3,38.8353,-77.30821,109,13173.68
gm4,38.87847,-77.27147,1,0
gm4,38.87852,-77.2714,2,8.22
gm4,38.87857,-77.27138,3,14.04
gm4,38.87862,-77.27136,4,19.85
gm4,38.87881,-77.27138,5,41.04
gm4,38.87952,-77.2717,6,124.64
gm4,38.87946,-77.2739,7,315.05
gm4,38.8791,-77.27516,8,431.14
gm4,38.87846,-77.27637,9,557.68
gm4,38.87821,-77.27757,10,665.13
gm4,38.87841,-77.27963,11,844.69
gm4,38.87786,-77.27996,12,912.14
gm4,38.87684,-77.27997,13,1025.48
gm4,38.87641,-77.28024,14,1078.66
gm4,38.87617,-77.28059,15,1119
gm4,38.87593,-77.2816,16,1210.35
gm4,38.87566,-77.28417,17,1434.67
gm4,38.87411,-77.28251,18,1658.9
gm4,38.87258,-77.28081,19,1883.68
gm4,38.87118,-77.27925,20,2089.62
gm4,38.86964,-77.27799,21,2292.49
gm4,38.86925,-77.27759,22,2347.95
gm4,38.86881,-77.27714,23,2410.44
gm4,38.86871,-77.27668,24,2452.59
gm4,38.86754,-77.2746,25,2674.58
gm4,38.86706,-77.27376,26,2764.72
gm4,38.86594,-77.27448,27,2903.89
gm4,38.86462,-77.27587,28,3093.55
gm4,38.8635,-77.2761,29,3221.77
gm4,38.86189,-77.27746,30,3436.81
gm4,38.86105,-77.27825,31,3552.5
gm4,38.86033,-77.28026,32,3743.92
gm4,38.8596,-77.28254,33,3957.21
gm4,38.85893,-77.28478,34,4164.82
gm4,38.85804,-77.28648,35,4342.06
gm4,38.85691,-77.28855,36,4562.14
gm4,38.85582,-77.29069,37,4783.39
gm4,38.8546,-77.2928,38,5010.78
gm4,38.85354,-77.2949,39,5227.32
gm4,38.85237,-77.29691,40,5444.46
gm4,38.85181,-77.29792,41,5551.74
gm4,38.85014,-77.29929,42,5771.94
gm4,38.84844,-77.30027,43,5978.99
gm4,38.84663,-77.30359,44,6329.68
gm4,38.84683,-77.305,45,6453.7
gm4,38.84672,-77.3051,46,6469.2
gm4,38.84638,-77.30524,47,6508.87
gm4,38.84494,-77.30583,48,6676.82
gm4,38.84351,-77.30633,49,6841.49
gm4,38.84148,-77.30716,50,7078.21
gm4,38.84073,-77.30757,51,7168.78
gm4,38.83988,-77.30795,52,7268.79
gm4,38.83962,-77.3081,53,7300.46
gm4,38.83935,-77.30834,54,7336.95
gm4,38.83915,-77.30856,55,7366.21
gm4,38.839,-77.30872,56,7387.88
gm4,38.83887,-77.30885,57,7406.19
gm4,38.83865,-77.30897,58,7432.75
gm4,38.83838,-77.30904,59,7463.35
gm4,38.83766,-77.30899,60,7543.47
gm4,38.83753,-77.30899,61,7557.92
gm4,38.83739,-77.309,62,7573.5
gm4,38.83726,-77.30905,63,7588.57
gm4,38.83716,-77.30909,64,7600.21
gm4,38.83706,-77.30911,65,7611.46
gm4,38.83699,-77.3091,66,7619.28
gm4,38.83662,-77.30905,67,7660.62
gm4,38.83643,-77.30897,68,7682.84
gm4,38.83627,-77.30887,69,7702.61
gm4,38.83607,-77.30874,70,7727.52
gm4,38.83592,-77.30865,71,7745.92
gm4,38.83575,-77.30858,72,7765.75
gm4,38.83554,-77.30854,73,7789.34
gm4,38.83541,-77.3085,74,7804.2
gm4,38.83533,-77.30841,75,7816.02
gm4,38.8353,-77.30831,76,7825.29
gm4,38.8353,-77.30821,77,7833.95
sta4,38.8353,-77.30821,1,0
sta4,38.83537,-77.30761,2,52.51
sta4,38.83541,-77.30718,3,89.99
sta4,38.83541,-77.30709,4,97.78
sta4,38.83538,-77.30702,5,104.69
sta4,38.83531,-77.30697,6,113.6
sta4,38.83516,-77.30697,7,130.26
sta4,38.83491,-77.30697,8,158.04
sta4,38.83462,-77.30696,9,190.27
sta4,38.83454,-77.30695,10,199.2
sta4,38.83443,-77.30692,11,211.7
sta4,38.83429,-77.30686,12,228.1
sta4,38.83422,-77.30684,13,236.07
sta4,38.83415,-77.30681,14,244.27
sta4,38.83411,-77.30675,15,251.1
sta4,38.83407,-77.30666,16,260.07
sta4,38.83406,-77.30648,17,275.69
sta4,38.83408,-77.30619,18,300.89
sta4,38.83413,-77.30575,19,339.37
sta4,38.83416,-77.3053,20,378.46
sta4,38.8342,-77.305,21,404.81
sta4,38.83422,-77.30486,22,417.13
sta4,38.83425,-77.30476,23,426.4
sta4,38.83429,-77.30465,24,436.91
sta4,38.83432,-77.30457,25,444.59
sta4,38.83436,-77.3045,26,452.11
sta4,38.83442,-77.30446,27,459.62
sta4,38.8345,-77.30446,28,468.51
sta4,38.83457,-77.30448,29,476.48
sta4,38.83471,-77.30454,30,492.88
sta4,38.83505,-77.30471,31,533.42
sta4,38.83522,-77.30482,32,554.57
sta4,38.83534,-77.30492,33,570.47
sta4,38.83546,-77.30505,34,587.91
sta4,38.83555,-77.3052,35,604.3
sta4,38.83562,-77.30541,36,624.07
sta4,38.83565,-77.30558,37,639.16
sta4,38.83564,-77.30585,38,662.55
sta4,38.83559,-77.30643,39,713.06
sta4,38.83554,-77.30678,40,743.85
sta4,38.83552,-77.30688,41,752.79
sta4,38.83532,-77.30856,42,899.88
sta4,38.83531,-77.30869,43,911.19
sta4,38.8353,-77.30878,44,919.06
sta4,38.83515,-77.31062,45,1079.18
sta4,38.8351,-77.31142,46,1148.64
sta4,38.8351,-77.31154,47,1159.03
sta4,38.83515,-77.31165,48,1170.05
sta4,38.83521,-77.31168,49,1177.2
sta4,38.8353,-77.31167,50,1187.24
sta4,38.83605,-77.31159,51,1270.86
sta4,38.83734,-77.31205,52,1419.62
sta4,38.83805,-77.31192,53,1499.31
sta4,38.83853,-77.31159,54,1559.81
sta4,38.83976,-77.31074,55,1715.02
sta4,38.84169,-77.30945,56,1956.78
sta4,38.84277,-77.30871,57,2092.8
sta4,38.84425,-77.30775,58,2277.04
sta4,38.84431,-77.30774,59,2283.76
sta4,38.84439,-77.30776,60,2292.82
sta4,38.84444,-77.30782,61,2300.42
sta4,38.84464,-77.30828,62,2346.01
sta4,38.8447,-77.30834,63,2354.46
sta4,38.84478,-77.30839,64,2364.35
sta4,38.84486,-77.30841,65,2373.4
sta4,38.84492,-77.30841,66,2380.07
sta4,38.84501,-77.30838,67,2390.4
sta4,38.84601,-77.308,68,2506.28
sta4,38.84642,-77.30789,69,2552.82
sta4,38.84647,-77.3079,70,2558.44
sta4,38.84654,-77.3079,71,2566.22
sta4,38.84661,-77.30794,72,2574.73
sta4,38.84666,-77.30801,73,2582.95
sta4,38.8469,-77.30866,74,2645.2
sta4,38.84753,-77.31038,75,2809.68
sta4,38.84784,-77.31126,76,2893.26
sta4,38.8485,-77.31313,77,3070.92
sta4,38.8487,-77.31369,78,3124.23
sta4,38.84931,-77.31533,79,3281.5
sta4,38.8501,-77.31743,80,3483.31
sta4,38.85101,-77.3196,81,3696.58
sta4,38.8519,-77.32177,82,3908.79
sta4,38.85282,-77.32406,83,4131.76
sta4,38.85255,-77.32647,84,4342.44
sta4,38.85223,-77.32882,85,4548.87
sta4,38.85216,-77.32967,86,4622.83
sta4,38.85188,-77.33203,87,4829.4
sta4,38.85217,-77.33226,88,4867.27
sta4,38.85362,-77.33276,89,5034.09
sta4,38.85497,-77.33267,90,5184.29
sta4,38.85531,-77.33265,91,5222.11
sta4,38.85552,-77.33252,92,5248.01
sta4,38.85621,-77.33222,93,5328.95
sta4,38.85781,-77.33071,94,5549.58
sta4,38.85937,-77.32923,95,5765.08
sta4,38.86094,-77.32766,96,5986.18
sta4,38.86232,-77.32635,97,6176.85
sta4,38.86157,-77.32486,98,6330.35
sta4,38.86101,-77.32536,99,6406.13
sta4,38.85945,-77.32649,100,6605.14
sta4,38.85898,-77.32472,101,6766.94
sta4,38.85823,-77.32222,102,6998.74
sta4,38.85809,-77.31979,103,7209.57
sta4,38.85711,-77.31687,104,7484.68
sta4,38.85697,-77.31474,105,7669.63
sta4,38.85695,-77.3142,106,7716.41
sta4,38.85682,-77.31146,107,7953.92
sta4,38.85757,-77.3093,108,8158.55
sta4,38.85829,-77.30733,109,8346.84
sta4,38.8591,-77.30503,110,8568.07
sta4,38.85994,-77.30268,111,8791.79
sta4,38.86038,-77.30125,112,8924.82
sta4,38.86113,-77.29875,113,9158.63
sta4,38.86159,-77.29635,114,9372.47
sta4,38.86206,-77.2937,115,9607.62
sta4,38.86255,-77.29106,116,9842.42
sta4,38.86301,-77.28862,117,10059.62
sta4,38.86331,-77.28607,118,10282.75
sta4,38.86359,-77.28364,119,10495.27
sta4,38.86388,-77.2812,120,10708.81
sta4,38.86496,-77.28137,121,10830.81
sta4,38.86692,-77.2812,122,11049.09
sta4,38.86839,-77.28103,123,11213.08
sta4,38.86832,-77.27878,124,11407.88
sta4,38.86835,-77.27794,125,11480.63
sta4,38.86885,-77.2771,126,11572.1
sta4,38.86928,-77.2775,127,11631.5
sta4,38.87095,-77.27888,128,11852.14
sta4,38.87134,-77.27916,129,11901.79
sta4,38.8728,-77.28073,130,12113.35
sta4,38.8743,-77.28239,131,12333.35
sta4,38.87565,-77.28385,132,12529.44
sta4,38.8758,-77.28205,133,12686.03
sta4,38.87604,-77.28077,134,12799.91
sta4,38.87645,-77.27991,135,12887.14
sta4,38.87682,-77.27968,136,12932.82
sta4,38.87731,-77.2796,137,12987.7
sta4,38.87832,-77.27966,138,13100.04
sta4,38.87828,-77.27859,139,13192.7
sta4,38.87813,-77.27745,140,13292.71
sta4,38.87844,-77.27617,141,13408.66
sta4,38.8789,-77.27518,142,13508.38
sta4,38.87923,-77.27428,143,13594.43
sta4,38.87939,-77.2726,144,13740.83
sta4,38.87926,-77.27233,145,13768.29
sta4,38.87874,-77.27225,146,13826.48
sta4,38.87841,-77.27203,147,13867.79
sta4,38.87847,-77.27147,148,13916.69
sta2,38.8353,-77.30821,1,0
sta2,38.83537,-77.30761,2,52.51
sta2,38.83541,-77.30718,3,89.99
sta2,38.83541,-77.30709,4,97.78
sta2,38.83538,-77.30702,5,104.69
sta2,38.83531,-77.30697,6,113.6
sta2,38.83516,-77.30697,7,130.26
sta2,38.83491,-77.30697,8,158.04
sta2,38.83462,-77.30696,9,190.27
sta2,38.83454,-77.30695,10,199.2
sta2,38.83443,-77.30692,11,211.7
sta2,38.83429,-77.30686,12,228.1
sta2,38.83422,-77.30684,13,236.07
sta2,38.83415,-77.30681,14,244.27
sta2,38.83411,-77.30675,15,251.1
sta2,38.83407,-77.30666,16,260.07
sta2,38.83406,-77.30648,17,275.69
sta2,38.83408,-77.30619,18,300.89
sta2,38.83413,-77.30575,19,339.37
sta2,38.83416,-77.3053,20,378.46
sta2,38.8342,-77.305,21,404.81
sta2,38.83422,-77.30486,22,417.13
sta2,38.83425,-77.30476,23,426.4
sta2,38.83429,-77.30465,24,436.91
sta2,38.83432,-77.30457,25,444.59
sta2,38.83436,-77.3045,26,452.11
sta2,38.83442,-77.30446,27,459.62
sta2,38.8345,-77.30446,28,468.51
sta2,38.83457,-77.30448,29,476.48
sta2,38.83471,-77.30454,30,492.88
sta2,38.83505,-77.30471,31,533.42
sta2,38.83522,-77.30482,32,554.57
sta2,38.83534,-77.30492,33,570.47
sta2,38.83546,-77.30505,34,587.91
sta2,38.83555,-77.3052,35,604.3
sta2,38.83562,-77.30541,36,624.07
sta2,38.83565,-77.30558,37,639.16
sta2,38.83564,-77.30585,38,662.55
sta2,38.83559,-77.30643,39,713.06
sta2,38.83554,-77.30678,40,743.85
sta2,38.83552,-77.30688,41,752.79
sta2,38.83536,-77.30823,42,870.98
sta2,38.83538,-77.30835,43,881.6
sta2,38.83544,-77.30842,44,890.61
sta2,38.83553,-77.30845,45,900.94
sta2,38.83578,-77.30853,46,929.57
sta2,38.83593,-77.30859,47,947.02
sta2,38.83605,-77.30866,48,961.67
sta2,38.83624,-77.30878,49,985.2
sta2,38.83638,-77.30886,50,1002.22
sta2,38.8365,-77.30893,51,1016.87
sta2,38.83663,-77.30897,52,1031.72
sta2,38.83674,-77.309,53,1044.22
sta2,38.83685,-77.30901,54,1056.47
sta2,38.83699,-77.30901,55,1072.02
sta2,38.83719,-77.30898,56,1094.4
sta2,38.83727,-77.30896,57,1103.45
sta2,38.8374,-77.30892,58,1118.31
sta2,38.83754,-77.30889,59,1134.08
sta2,38.83769,-77.30889,60,1150.74
sta2,38.83782,-77.3089,61,1165.21
sta2,38.83795,-77.30893,62,1179.89
sta2,38.8381,-77.30896,63,1196.76
sta2,38.83825,-77.30897,64,1213.45
sta2,38.8384,-77.30896,65,1230.14
sta2,38.83854,-77.30892,66,1246.07
sta2,38.83866,-77.30887,67,1260.09
sta2,38.83879,-77.3088,68,1275.75
sta2,38.8389,-77.30871,69,1290.25
sta2,38.83901,-77.30862,70,1304.74
sta2,38.83914,-77.30845,71,1325.36
sta2,38.83926,-77.30832,72,1342.8
sta2,38.83938,-77.30819,73,1360.25
sta2,38.83957,-77.30805,74,1384.59
sta2,38.83975,-77.30794,75,1406.74
sta2,38.83992,-77.30787,76,1426.58
sta2,38.84008,-77.3078,77,1445.36
sta2,38.84021,-77.30773,78,1461.02
sta2,38.84034,-77.30763,79,1477.86
sta2,38.84046,-77.30751,80,1494.76
sta2,38.84058,-77.3074,81,1511.15
sta2,38.84076,-77.30722,82,1536.5
sta2,38.84091,-77.30711,83,1555.69
sta2,38.84107,-77.30702,84,1575.1
sta2,38.84124,-77.30695,85,1594.94
sta2,38.84159,-77.30682,86,1635.42
sta2,38.84204,-77.30666,87,1687.3
sta2,38.84228,-77.30658,88,1714.85
sta2,38.84269,-77.30642,89,1762.47
sta2,38.84289,-77.30635,90,1785.5
sta2,38.84352,-77.30615,91,1857.61
sta2,38.845,-77.30566,92,2027.43
sta2,38.84588,-77.30533,93,2129.29
sta2,38.84683,-77.30499,94,2238.87
sta2,38.84656,-77.30401,95,2328.83
sta2,38.84662,-77.30361,96,2364.08
sta2,38.84777,-77.30144,97,2591.21
sta2,38.84842,-77.3002,98,2720.56
sta2,38.85017,-77.29919,99,2933.74
sta2,38.85181,-77.29784,100,3150.19
sta2,38.85299,-77.29576,101,3372.86
sta2,38.85411,-77.29365,102,3593.82
sta2,38.85477,-77.29233,103,3729.55
sta2,38.8559,-77.29039,104,3939.17
sta2,38.85699,-77.2883,105,4156.81
sta2,38.85811,-77.28622,106,4375.62
sta2,38.859,-77.28394,107,4598.33
sta2,38.85983,-77.28157,108,4823.17
sta2,38.86065,-77.27927,109,5042.03
sta2,38.861,-77.27825,110,5138.47
sta2,38.86261,-77.27676,111,5358.97
sta2,38.86349,-77.27608,112,5473.08
sta2,38.86472,-77.27505,113,5635.82
sta2,38.86545,-77.27465,114,5725.37
sta2,38.86692,-77.27348,115,5918.47
sta2,38.86804,-77.27534,116,6121.89
sta2,38.86885,-77.27711,117,6299.5
sta2,38.86928,-77.2775,118,6358.9
sta2,38.87095,-77.27888,119,6579.54
sta2,38.87134,-77.27916,120,6629.19
sta2,38.8728,-77.28073,121,6840.75
sta2,38.8743,-77.28239,122,7060.75
sta2,38.87565,-77.28385,123,7256.84
sta2,38.8758,-77.28205,124,7413.43
sta2,38.87604,-77.28077,125,7527.31
sta2,38.87645,-77.27991,126,7614.54
sta2,38.87682,-77.27968,127,7660.22
sta2,38.87731,-77.2796,128,7715.1
sta2,38.87832,-77.27966,129,7827.44
sta2,38.87828,-77.27859,130,7920.1
sta2,38.87813,-77.27745,131,8020.11
sta2,38.87844,-77.27617,132,8136.06
sta2,38.8789,-77.27518,133,8235.78
sta2,38.87923,-77.27428,134,8321.83
sta2,38.87939,-77.2726,135,8468.23
sta2,38.87926,-77.27233,136,8495.69
sta2,38.87874,-77.27225,137,8553.88
sta2,38.87841,-77.27203,138,8595.19
sta2,38.87847,-77.27147,139,8644.09
sta3,38.85497,-77.33267,1,0
sta3,38.85531,-77.33265,2,37.82
sta3,38.85552,-77.33252,3,63.72
sta3,38.85621,-77.33222,4,144.66
sta3,38.85781,-77.33071,5,365.29
sta3,38.85937,-77.32923,6,580.79
sta3,38.86094,-77.32766,7,801.88
sta3,38.86232,-77.32635,8,992.56
sta3,38.86157,-77.32486,9,1146.06
sta3,38.86101,-77.32536,10,1221.84
sta3,38.85945,-77.32649,11,1420.85
sta3,38.85898,-77.32472,12,1582.65
sta3,38.85823,-77.32222,13,1814.45
sta3,38.85809,-77.31979,14,2025.27
sta3,38.85711,-77.31687,15,2300.39
sta3,38.85697,-77.31474,16,2485.34
sta3,38.85695,-77.3142,17,2532.11
sta3,38.85682,-77.31146,18,2769.63
sta3,38.85757,-77.3093,19,2974.26
sta3,38.85829,-77.30733,20,3162.55
sta3,38.8591,-77.30503,21,3383.78
sta3,38.85994,-77.30268,22,3607.5
sta3,38.86038,-77.30125,23,3740.53
sta3,38.86113,-77.29875,24,3974.34
sta3,38.86159,-77.29635,25,4188.18
sta3,38.86206,-77.2937,26,4423.33
sta3,38.86255,-77.29106,27,4658.13
sta3,38.86301,-77.28862,28,4875.33
sta3,38.86331,-77.28607,29,5098.45
sta3,38.86359,-77.28364,30,5310.98
sta3,38.86388,-77.2812,31,5524.52
sta3,38.86496,-77.28137,32,5646.52
sta3,38.86692,-77.2812,33,5864.79
sta3,38.86839,-77.28103,34,6028.79
sta3,38.86832,-77.27878,35,6223.59
sta3,38.86835,-77.27794,36,6296.34
sta3,38.86885,-77.2771,37,6387.81
sta3,38.86928,-77.2775,38,6447.21
sta3,38.87095,-77.27888,39,6667.85
sta3,38.87134,-77.27916,40,6717.49
sta3,38.8728,-77.28073,41,6929.06
sta3,38.8743,-77.28239,42,7149.06
sta3,38.87565,-77.28385,43,7345.14
sta3,38.8758,-77.28205,44,7501.73
sta3,38.87604,-77.28077,45,7615.62
sta3,38.87645,-77.27991,46,7702.85
sta3,38.87682,-77.27968,47,7748.52
sta3,38.87731,-77.2796,48,7803.41
sta3,38.87832,-77.27966,49,7915.75
sta3,38.87828,-77.27859,50,8008.41
sta3,38.87813,-77.27745,51,8108.41
sta3,38.87844,-77.27617,52,8224.37
sta3,38.8789,-77.27518,53,8324.09
sta3,38.87923,-77.27428,54,8410.14
sta3,38.87939,-77.2726,55,8556.54
sta3,38.87926,-77.27233,56,8584
sta3,38.87874,-77.27225,57,8642.19
sta3,38.87841,-77.27203,58,8683.5
sta3,38.87847,-77.27147,59,8732.4
sta0,38.8353,-77.30821,1,0
sta0,38.83537,-77.30761,2,52.51
sta0,38.83541,-77.30718,3,89.99
sta0,38.83541,-77.30709,4,97.78
sta0,38.83538,-77.30702,5,104.69
sta0,38.83531,-77.30697,6,113.6
sta0,38.83516,-77.30697,7,130.26
sta0,38.83491,-77.30697,8,158.04
sta0,38.83462,-77.30696,9,190.27
sta0,38.83454,-77.30695,10,199.2
sta0,38.83443,-77.30692,11,211.7
sta0,38.83429,-77.30686,12,228.1
sta0,38.83422,-77.30684,13,236.07
sta0,38.83415,-77.30681,14,244.27
sta0,38.83411,-77.30675,15,251.1
sta0,38.83407,-77.30666,16,260.07
sta0,38.83406,-77.30648,17,275.69
sta0,38.83408,-77.30619,18,300.89
sta0,38.83413,-77.30575,19,339.37
sta0,38.83416,-77.3053,20,378.46
sta0,38.8342,-77.305,21,404.81
sta0,38.83422,-77.30486,22,417.13
sta0,38.83425,-77.30476,23,426.4
sta0,38.83429,-77.30465,24,436.91
sta0,38.83432,-77.30457,25,444.59
sta0,38.83436,-77.3045,26,452.11
sta0,38.83442,-77.30446,27,459.62
sta0,38.8345,-77.30446,28,468.51
sta0,38.83457,-77.30448,29,476.48
sta0,38.83471,-77.30454,30,492.88
sta0,38.83505,-77.30471,31,533.42
sta0,38.83522,-77.30482,32,554.57
sta0,38.83534,-77.30492,33,570.47
sta0,38.83546,-77.30505,34,587.91
sta0,38.83555,-77.3052,35,604.3
sta0,38.83562,-77.30541,36,624.07
sta0,38.83565,-77.30558,37,639.16
sta0,38.83564,-77.30585,38,662.55
sta0,38.83559,-77.30643,39,713.06
sta0,38.83554,-77.30678,40,743.85
sta0,38.83552,-77.30688,41,752.79
sta0,38.83536,-77.30823,42,870.98
sta0,38.83538,-77.30835,43,881.6
sta0,38.83544,-77.30842,44,890.61
sta0,38.83553,-77.30845,45,900.94
sta0,38.83578,-77.30853,46,929.57
sta0,38.83593,-77.30859,47,947.02
sta0,38.83605,-77.30866,48,961.67
sta0,38.83624,-77.30878,49,985.2
sta0,38.83638,-77.30886,50,1002.22
sta0,38.8365,-77.30893,51,1016.87
sta0,38.83663,-77.30897,52,1031.72
sta0,38.83674,-77.309,53,1044.22
sta0,38.83685,-77.30901,54,1056.47
sta0,38.83699,-77.30901,55,1072.02
sta0,38.83719,-77.30898,56,1094.4
sta0,38.83727,-77.30896,57,1103.45
sta0,38.8374,-77.30892,58,1118.31
sta0,38.83754,-77.30889,59,1134.08
sta0,38.83769,-77.30889,60,1150.74
sta0,38.83782,-77.3089,61,1165.21
sta0,38.83795,-77.30893,62,1179.89
sta0,38.8381,-77.30896,63,1196.76
sta0,38.83825,-77.30897,64,1213.45
sta0,38.8384,-77.30896,65,1230.14
sta0,38.83854,-77.30892,66,1246.07
sta0,38.83866,-77.30887,67,1260.09
sta0,38.83879,-77.3088,68,1275.75
sta0,38.8389,-77.30871,69,1290.25
sta0,38.83901,-77.30862,70,1304.74
sta0,38.83914,-77.30845,71,1325.36
sta0,38.83926,-77.30832,72,1342.8
sta0,38.83938,-77.30819,73,1360.25
sta0,38.83957,-77.30805,74,1384.59
sta0,38.83975,-77.30794,75,1406.74
sta0,38.83992,-77.30787,76,1426.58
sta0,38.84008,-77.3078,77,1445.36
sta0,38.84021,-77.30773,78,1461.02
sta0,38.84034,-77.30763,79,1477.86
sta0,38.84046,-77.30751,80,1494.76
sta0,38.84058,-77.3074,81,1511.15
sta0,38.84076,-77.30722,82,1536.5
sta0,38.84091,-77.30711,83,1555.69
sta0,38.84107,-77.30702,84,1575.1
sta0,38.84124,-77.30695,85,1594.94
sta0,38.84159,-77.30682,86,1635.42
sta0,38.84204,-77.30666,87,1687.3
sta0,38.84228,-77.30658,88,1714.85
sta0,38.84269,-77.30642,89,1762.47
sta0,38.84289,-77.30635,90,1785.5
sta0,38.84352,-77.30615,91,1857.61
sta0,38.845,-77.30566,92,2027.43
sta0,38.84588,-77.30533,93,2129.29
sta0,38.84683,-77.30499,94,2238.87
sta0,38.84644,-77.3036,95,2366.73
sta0,38.84565,-77.30385,96,2457.13
sta0,38.84517,-77.3017,97,2650.68
sta0,38.84477,-77.29914,98,2876.63
sta0,38.84436,-77.29667,99,3095.18
sta0,38.84402,-77.29417,100,3314.81
sta0,38.84375,-77.29176,101,3525.51
sta0,38.84339,-77.2894,102,3733.63
sta0,38.84311,-77.28668,103,3971.07
sta0,38.84279,-77.28431,104,4179.23
sta0,38.84242,-77.28185,105,4396.05
sta0,38.84207,-77.27925,106,4624.4
sta0,38.84171,-77.27684,107,4836.76
sta0,38.84144,-77.27441,108,5049.19
sta0,38.84119,-77.2719,109,5268.18
sta0,38.84277,-77.27203,110,5444.1
sta0,38.84624,-77.27235,111,5830.65
sta0,38.84817,-77.27303,112,6053.02
sta0,38.85005,-77.27261,113,6265.05
sta0,38.85199,-77.27211,114,6484.9
sta0,38.85384,-77.27161,115,6694.96
sta0,38.85564,-77.27112,116,6899.4
sta0,38.85746,-77.27089,117,7102.6
sta0,38.86006,-77.2709,118,7391.49
sta0,38.86216,-77.26977,119,7644.48
sta0,38.86263,-77.27206,120,7849.37
sta0,38.86301,-77.27441,121,8057.02
sta0,38.8635,-77.27611,122,8213.86
sta0,38.86472,-77.27505,123,8376.6
sta0,38.86483,-77.27228,124,8623.11
sta0,38.8649,-77.26962,125,8853.37
sta0,38.86497,-77.26636,126,9135.52
sta0,38.86507,-77.26202,127,9511.15
sta0,38.86545,-77.26197,128,9553.59
sta0,38.86599,-77.26195,129,9613.62
sta0,38.86646,-77.26202,130,9666.19
sta0,38.867,-77.26225,131,9729.4
sta0,38.86746,-77.26259,132,9788.37
sta0,38.86863,-77.2629,133,9921.11
sta0,38.86913,-77.2631,134,9979.3
sta0,38.86965,-77.26337,135,10041.62
sta0,38.87002,-77.26342,136,10082.96
sta0,38.87046,-77.26325,137,10134.01
sta0,38.87099,-77.263,138,10196.75
sta0,38.87159,-77.26295,139,10263.55
sta0,38.872,-77.263,140,10309.31
sta0,38.87237,-77.26309,141,10351.15
sta0,38.87291,-77.26332,142,10414.37
sta0,38.87497,-77.26421,143,10655.86
sta0,38.87554,-77.26466,144,10730.2
sta0,38.87619,-77.26533,145,10822.8
sta0,38.87712,-77.26623,146,10952.17
sta0,38.87754,-77.2666,147,11008.76
sta0,38.87788,-77.26693,148,11056.11
sta0,38.87821,-77.26715,149,11097.42
sta0,38.8786,-77.26724,150,11141.45
sta0,38.88055,-77.26735,151,11358.32
sta0,38.88156,-77.26745,152,11470.88
sta0,38.88313,-77.26781,153,11648.08
sta0,38.88286,-77.26848,154,11713.33
sta0,38.88254,-77.2689,155,11764.17
sta0,38.88226,-77.26924,156,11806.98
sta0,38.88139,-77.26921,157,11903.68
sta0,38.88063,-77.26907,158,11988.99
sta0,38.88028,-77.26926,159,12031.2
sta0,38.87996,-77.26969,160,12082.66
sta0,38.87971,-77.2705,161,12158.03
sta0,38.8795,-77.27236,162,12320.59
sta0,38.87874,-77.27225,163,12405.57
sta0,38.87841,-77.27202,164,12447.29
sta0,38.87847,-77.27147,165,12495.33
sta1,38.8353,-77.30821,1,0
sta1,38.83537,-77.30761,2,52.51
sta1,38.83541,-77.30718,3,89.99
sta1,38.83541,-77.30709,4,97.78
sta1,38.83538,-77.30702,5,104.69
sta1,38.83531,-77.30697,6,113.6
sta1,38.83516,-77.30697,7,130.26
sta1,38.83491,-77.30697,8,158.04
sta1,38.83462,-77.30696,9,190.27
sta1,38.83454,-77.30695,10,199.2
sta1,38.83443,-77.30692,11,211.7
sta1,38.83429,-77.30686,12,228.1
sta1,38.83422,-77.30684,13,236.07
sta1,38.83415,-77.30681,14,244.27
sta1,38.83411,-77.30675,15,251.1
sta1,38.83407,-77.30666,16,260.07
sta1,38.83406,-77.30648,17,275.69
sta1,38.83408,-77.30619,18,300.89
sta1,38.83413,-77.30575,19,339.37
sta1,38.83416,-77.3053,20,378.46
sta1,38.8342,-77.305,21,404.81
sta1,38.83422,-77.30486,22,417.13
sta1,38.83425,-77.30476,23,426.4
sta1,38.83429,-77.30465,24,436.91
sta1,38.83432,-77.30457,25,444.59
sta1,38.83436,-77.3045,26,452.11
sta1,38.83442,-77.30446,27,459.62
sta1,38.8345,-77.30446,28,468.51
sta1,38.83457,-77.30448,29,476.48
sta1,38.83471,-77.30454,30,492.88
sta1,38.83505,-77.30471,31,533.42
sta1,38.83522,-77.30482,32,554.57
sta1,38.83534,-77.30492,33,570.47
sta1,38.83546,-77.30505,34,587.91
sta1,38.83555,-77.3052,35,604.3
sta1,38.83562,-77.30541,36,624.07
sta1,38.83565,-77.30558,37,639.16
sta1,38.83564,-77.30585,38,662.55
sta1,38.83559,-77.30643,39,713.06
sta1,38.83554,-77.30678,40,743.85
sta1,38.83552,-77.30688,41,752.79
sta1,38.83532,-77.30856,42,899.88
sta1,38.83531,-77.30869,43,911.19
sta1,38.8353,-77.30878,44,919.06
sta1,38.83515,-77.31062,45,1079.18
sta1,38.8351,-77.31142,46,1148.64
sta1,38.8351,-77.31154,47,1159.03
sta1,38.83515,-77.31165,48,1170.05
sta1,38.83521,-77.31168,49,1177.2
sta1,38.8353,-77.31167,50,1187.24
sta1,38.83605,-77.31159,51,1270.86
sta1,38.83734,-77.31205,52,1419.62
sta1,38.83805,-77.31192,53,1499.31
sta1,38.83853,-77.31159,54,1559.81
sta1,38.83976,-77.31074,55,1715.02
sta1,38.84169,-77.30945,56,1956.78
sta1,38.84277,-77.30871,57,2092.8
sta1,38.84317,-77.30846,58,2142.23
sta1,38.84445,-77.30743,59,2310.08
sta1,38.8463,-77.3066,60,2527.82
sta1,38.84714,-77.30624,61,2626.22
sta1,38.84919,-77.30644,62,2854.65
sta1,38.84976,-77.30663,63,2920.08
sta1,38.85012,-77.30697,64,2969.74
sta1,38.85061,-77.30796,65,3071.24
sta1,38.85269,-77.3076,66,3304.44
sta1,38.85462,-77.30742,67,3519.45
sta1,38.85657,-77.30743,68,3736.12
sta1,38.85765,-77.30743,69,3856.12
sta1,38.85963,-77.3075,70,4076.2
sta1,38.8612,-77.30729,71,4251.59
sta1,38.86116,-77.30486,72,4461.88
sta1,38.86104,-77.30243,73,4672.54
sta1,38.86101,-77.30195,74,4714.2
sta1,38.86096,-77.30168,75,4738.22
sta1,38.86072,-77.30148,76,4770
sta1,38.86037,-77.30126,77,4813.3
sta1,38.86113,-77.29875,78,5047.11
sta1,38.86159,-77.29635,79,5260.95
sta1,38.86206,-77.2937,80,5496.1
sta1,38.86255,-77.29106,81,5730.9
sta1,38.86301,-77.28862,82,5948.1
sta1,38.86331,-77.28607,83,6171.23
sta1,38.86359,-77.28364,84,6383.75
sta1,38.86388,-77.2812,85,6597.29
sta1,38.86417,-77.27868,86,6819.39
sta1,38.86432,-77.27698,87,6967.41
sta1,38.86443,-77.27613,88,7047.08
sta1,38.86465,-77.27513,89,7136.98
sta1,38.86483,-77.27228,90,7383.49
sta1,38.8649,-77.26962,91,7613.75
sta1,38.86497,-77.26636,92,7895.9
sta1,38.86507,-77.26202,93,8271.53
sta1,38.86545,-77.26197,94,8313.98
sta1,38.86599,-77.26195,95,8374
sta1,38.86646,-77.26202,96,8426.57
sta1,38.867,-77.26225,97,8489.79
sta1,38.86746,-77.26259,98,8548.76
sta1,38.86863,-77.2629,99,8681.49
sta1,38.86913,-77.2631,100,8739.68
sta1,38.86965,-77.26337,101,8802
sta1,38.87002,-77.26342,102,8843.34
sta1,38.87046,-77.26325,103,8894.39
sta1,38.87099,-77.263,104,8957.13
sta1,38.87159,-77.26295,105,9023.93
sta1,38.872,-77.263,106,9069.69
sta1,38.87237,-77.26309,107,9111.54
sta1,38.87291,-77.26332,108,9174.75
sta1,38.87497,-77.26421,109,9416.24
sta1,38.87554,-77.26466,110,9490.58
sta1,38.87619,-77.26533,111,9583.18
sta1,38.87712,-77.26623,112,9712.56
sta1,38.87754,-77.2666,113,9769.14
sta1,38.87788,-77.26693,114,9816.49
sta1,38.87821,-77.26715,115,9857.8
sta1,38.8786,-77.26724,116,9901.83
sta1,38.88055,-77.26735,117,10118.7
sta1,38.88156,-77.26745,118,10231.26
sta1,38.88313,-77.26781,119,10408.46
sta1,38.88286,-77.26848,120,10473.72
sta1,38.88254,-77.2689,121,10524.55
sta1,38.88226,-77.26924,122,10567.36
sta1,38.88139,-77.26921,123,10664.06
sta1,38.88063,-77.26907,124,10749.37
sta1,38.88028,-77.26926,125,10791.59
sta1,38.87996,-77.26969,126,10843.04
sta1,38.87971,-77.2705,127,10918.41
sta1,38.8795,-77.27236,128,11080.97
sta1,38.87874,-77.27225,129,11165.95
sta1,38.87841,-77.27202,130,11207.67
sta1,38.87847,-77.27147,131,11255.71
