trip_id,arrival_time,departure_time,stop_id,stop_sequence,stop_headsign,pickup_type,drop_off_type,shape_dist_traveled
1,08:40:00,08:40:00,13,1,,0,0,
1,09:10:00,09:10:00,16,2,,0,0,
1,09:15:00,09:15:00,17,3,,0,0,
1,09:25:00,09:25:00,18,4,,0,0,
1,09:30:00,09:30:00,19,5,,0,0,
1,09:35:00,09:35:00,20,6,,0,0,
1,09:50:00,09:50:00,21,7,,0,0,
1,09:55:00,09:55:00,22,8,,0,0,
1,10:20:00,10:20:00,23,9,,0,0,
1,10:40:00,10:40:00,12,10,,0,0,
1,11:15:00,11:15:00,9,11,,0,0,
1,12:45:00,12:45:00,7,12,,0,0,
1,13:10:00,13:10:00,3,13,,0,0,
1,13:15:00,13:15:00,4,14,,0,0,
10,11:45:00,11:45:00,4,1,,0,0,
10,12:00:00,12:00:00,3,2,,0,0,
10,12:30:00,12:30:00,7,3,,0,0,
10,14:00:00,14:00:00,9,4,,0,0,
10,15:00:00,15:00:00,10,5,,0,0,
100,11:45:00,11:45:00,10,1,,0,1,
100,12:45:00,12:45:00,9,2,,1,0,
101,19:15:00,19:15:00,10,1,,0,1,
101,20:15:00,20:15:00,9,2,,1,0,
102,07:15:00,07:15:00,22,1,,0,1,
102,07:35:00,07:35:00,1,2,,0,0,
102,08:15:00,08:15:00,10,3,,0,0,
102,09:15:00,09:15:00,9,4,,0,0,
102,10:30:00,10:30:00,7,5,,0,0,
102,11:00:00,11:00:00,3,6,,1,0,
102,11:10:00,11:10:00,4,7,,1,0,
103,09:10:00,09:10:00,13,1,,0,1,
103,09:40:00,09:40:00,16,2,,0,0,
103,09:45:00,09:45:00,17,3,,0,0,
103,09:55:00,09:55:00,18,4,,0,0,
103,10:00:00,10:00:00,19,5,,0,0,
103,10:05:00,10:05:00,20,6,,0,0,
103,10:20:00,10:20:00,21,7,,0,0,
103,10:25:00,10:25:00,22,8,,0,0,
103,10:40:00,10:40:00,23,9,,0,0,
103,11:05:00,11:05:00,12,10,,0,0,
103,11:45:00,11:45:00,9,11,,0,0,
103,13:15:00,13:15:00,7,12,,0,0,
103,13:40:00,13:40:00,3,13,,1,0,
103,13:45:00,13:45:00,4,14,,1,0,
104,15:40:00,15:40:00,13,1,,0,1,
104,16:10:00,16:10:00,16,2,,0,0,
104,16:15:00,16:15:00,17,3,,0,0,
104,16:25:00,16:25:00,18,4,,0,0,
104,16:30:00,16:30:00,19,5,,0,0,
104,16:35:00,16:35:00,20,6,,0,0,
104,16:50:00,16:50:00,21,7,,0,0,
104,16:55:00,16:55:00,22,8,,0,0,
104,17:10:00,17:10:00,23,9,,0,0,
104,17:35:00,17:35:00,12,10,,0,0,
104,18:15:00,18:15:00,9,11,,0,0,
104,19:30:00,19:30:00,7,12,,0,0,
104,20:00:00,20:00:00,3,13,,1,0,
104,20:10:00,20:10:00,4,14,,1,0,
105,10:45:00,10:45:00,10,1,,0,1,
105,11:45:00,11:45:00,9,2,,0,0,
105,13:15:00,13:15:00,7,3,,0,0,
105,13:40:00,13:40:00,3,4,,1,0,
105,13:45:00,13:45:00,4,5,,1,0,
106,17:15:00,17:15:00,10,1,,0,1,
106,18:15:00,18:15:00,9,2,,0,0,
106,19:30:00,19:30:00,7,3,,0,0,
106,20:00:00,20:00:00,3,4,,1,0,
106,20:10:00,20:10:00,4,5,,1,0,
107,09:00:00,09:00:00,9,1,,0,1,
107,10:00:00,10:00:00,10,2,,1,0,
108,13:00:00,13:00:00,9,1,,0,1,
108,14:00:00,14:00:00,10,2,,1,0,
109,21:00:00,21:00:00,9,1,,0,1,
109,22:00:00,22:00:00,10,2,,1,0,
11,16:45:00,16:45:00,4,1,,0,0,
11,17:00:00,17:00:00,3,2,,0,0,
11,18:30:00,18:30:00,9,3,,0,0,
11,19:30:00,19:30:00,10,4,,0,0,
110,09:15:00,09:15:00,4,1,,0,1,
110,09:30:00,09:30:00,3,2,,0,1,
110,10:00:00,10:00:00,7,3,,0,0,
110,11:30:00,11:30:00,9,4,,0,0,
110,12:05:00,12:05:00,12,5,,0,0,
110,12:30:00,12:30:00,23,6,,0,0,
110,12:55:00,12:55:00,22,7,,0,0,
110,13:00:00,13:00:00,21,8,,0,0,
110,13:15:00,13:15:00,20,9,,0,0,
110,13:20:00,13:20:00,19,10,,0,0,
110,13:25:00,13:25:00,18,11,,0,0,
110,13:35:00,13:35:00,17,12,,0,0,
110,13:40:00,13:40:00,16,13,,0,0,
110,14:10:00,14:10:00,13,14,,1,0,
111,14:30:00,14:30:00,4,1,,0,1,
111,14:45:00,14:45:00,3,2,,0,1,
111,15:15:00,15:15:00,7,3,,0,0,
111,17:00:00,17:00:00,9,4,,0,0,
111,18:30:00,18:30:00,22,5,,0,0,
111,19:10:00,19:10:00,16,6,,0,0,
111,19:40:00,19:40:00,13,7,,1,0,
112,09:15:00,09:15:00,4,1,,0,1,
112,09:30:00,09:30:00,3,2,,0,1,
112,10:00:00,10:00:00,7,3,,0,0,
112,11:30:00,11:30:00,9,4,,0,0,
112,12:30:00,12:30:00,10,5,,1,0,
113,11:45:00,11:45:00,4,1,,0,1,
113,12:00:00,12:00:00,3,2,,0,1,
113,12:30:00,12:30:00,7,3,,0,0,
113,14:00:00,14:00:00,9,4,,0,0,
113,15:00:00,15:00:00,10,5,,1,0,
114,14:30:00,14:30:00,4,1,,0,1,
114,14:45:00,14:45:00,3,2,,0,1,
114,15:15:00,15:15:00,7,3,,0,0,
114,17:00:00,17:00:00,9,4,,0,0,
114,18:00:00,18:00:00,10,5,,1,0,
115,17:45:00,17:45:00,4,1,,0,1,
115,18:00:00,18:00:00,3,2,,0,1,
115,19:30:00,19:30:00,9,3,,0,0,
115,21:30:00,21:30:00,10,4,,1,0,
116,20:45:00,20:45:00,4,1,,0,1,
116,21:00:00,21:00:00,3,2,,0,1,
116,21:30:00,21:30:00,7,3,,0,0,
116,23:45:00,23:45:00,9,4,,0,0,
116,24:45:00,24:45:00,10,5,,1,0,
117,08:10:00,08:10:00,13,1,,0,1,
117,08:40:00,08:40:00,16,2,,0,0,
117,08:45:00,08:45:00,17,3,,0,0,
117,08:55:00,08:55:00,18,4,,0,0,
117,09:00:00,09:00:00,19,5,,0,0,
117,09:05:00,09:05:00,20,6,,0,0,
117,09:20:00,09:20:00,21,7,,0,0,
117,09:25:00,09:25:00,22,8,,0,0,
117,09:50:00,09:50:00,23,9,,0,0,
117,10:10:00,10:10:00,12,10,,0,0,
117,10:45:00,10:45:00,9,11,,0,0,
117,12:15:00,12:15:00,7,12,,0,0,
117,12:40:00,12:40:00,3,13,,1,0,
117,12:45:00,12:45:00,4,14,,1,0,
118,14:40:00,14:40:00,13,1,,0,1,
118,15:10:00,15:10:00,16,2,,0,0,
118,15:15:00,15:15:00,17,3,,0,0,
118,15:25:00,15:25:00,18,4,,0,0,
118,15:30:00,15:30:00,19,5,,0,0,
118,15:35:00,15:35:00,20,6,,0,0,
118,15:50:00,15:50:00,21,7,,0,0,
118,15:55:00,15:55:00,22,8,,0,0,
118,16:20:00,16:20:00,23,9,,0,0,
118,16:40:00,16:40:00,12,10,,0,0,
118,17:15:00,17:15:00,9,11,,0,0,
118,18:30:00,18:30:00,7,12,,0,0,
118,19:00:00,19:00:00,3,13,,1,0,
118,19:10:00,19:10:00,4,14,,1,0,
119,09:15:00,09:15:00,4,1,,0,1,
119,09:30:00,09:30:00,3,2,,0,1,
119,10:00:00,10:00:00,7,3,,0,0,
119,11:30:00,11:30:00,9,4,,0,0,
119,12:05:00,12:05:00,12,5,,0,0,
119,12:30:00,12:30:00,23,6,,0,0,
119,12:55:00,12:55:00,22,7,,0,0,
119,13:00:00,13:00:00,21,8,,0,0,
119,13:15:00,13:15:00,20,9,,0,0,
119,13:20:00,13:20:00,19,10,,0,0,
119,13:25:00,13:25:00,18,11,,0,0,
119,13:35:00,13:35:00,17,12,,0,0,
119,13:40:00,13:40:00,16,13,,0,0,
119,14:10:00,14:10:00,13,14,,1,0,
12,19:45:00,19:45:00,4,1,,0,0,
12,20:00:00,20:00:00,3,2,,0,0,
12,20:30:00,20:30:00,7,3,,0,0,
12,21:45:00,21:45:00,9,4,,0,0,
12,22:45:00,22:45:00,10,5,,0,0,
120,13:30:00,13:30:00,4,1,,0,1,
120,13:45:00,13:45:00,3,2,,0,1,
120,14:15:00,14:15:00,7,3,,0,0,
120,16:00:00,16:00:00,9,4,,0,0,
120,16:35:00,16:35:00,12,5,,0,0,
120,17:00:00,17:00:00,23,6,,0,0,
120,17:25:00,17:25:00,22,7,,0,0,
120,17:30:00,17:30:00,21,8,,0,0,
120,17:45:00,17:45:00,20,9,,0,0,
120,17:50:00,17:50:00,19,10,,0,0,
120,17:55:00,17:55:00,18,11,,0,0,
120,18:05:00,18:05:00,17,12,,0,0,
120,18:10:00,18:10:00,16,13,,0,0,
120,18:40:00,18:40:00,13,14,,1,0,
121,05:45:00,05:45:00,10,1,,0,1,
121,06:45:00,06:45:00,9,2,,0,0,
121,08:40:00,08:40:00,3,3,,1,0,
121,08:45:00,08:45:00,4,4,,1,0,
122,13:15:00,13:15:00,10,1,,0,1,
122,14:15:00,14:15:00,9,2,,0,0,
122,15:45:00,15:45:00,7,3,,0,0,
122,16:10:00,16:10:00,3,4,,1,0,
122,16:15:00,16:15:00,4,5,,1,0,
123,16:15:00,16:15:00,10,1,,0,1,
123,17:15:00,17:15:00,9,2,,0,0,
123,18:30:00,18:30:00,7,3,,0,0,
123,19:00:00,19:00:00,3,4,,1,0,
123,19:10:00,19:10:00,4,5,,1,0,
124,09:45:00,09:45:00,10,1,,0,1,
124,10:45:00,10:45:00,9,2,,0,0,
124,12:15:00,12:15:00,7,3,,0,0,
124,12:40:00,12:40:00,3,4,,1,0,
124,12:45:00,12:45:00,4,5,,1,0,
125,07:15:00,07:15:00,10,1,,0,1,
125,08:15:00,08:15:00,9,2,,1,0,
126,11:15:00,11:15:00,10,1,,0,1,
126,12:15:00,12:15:00,9,2,,1,0,
127,18:15:00,18:15:00,10,1,,0,1,
127,19:15:00,19:15:00,9,2,,1,0,
128,07:15:00,07:15:00,22,1,,0,1,
128,07:35:00,07:35:00,1,2,,0,0,
128,08:15:00,08:15:00,10,3,,0,0,
128,09:15:00,09:15:00,9,4,,0,0,
128,10:45:00,10:45:00,7,5,,0,0,
128,11:10:00,11:10:00,3,6,,1,0,
128,11:15:00,11:15:00,4,7,,1,0,
129,09:00:00,09:00:00,9,1,,0,1,
129,10:00:00,10:00:00,10,2,,1,0,
13,09:00:00,09:00:00,9,1,,0,0,
13,10:00:00,10:00:00,10,2,,0,0,
130,12:45:00,12:45:00,9,1,,0,1,
130,13:45:00,13:45:00,10,2,,1,0,
131,20:00:00,20:00:00,9,1,,0,1,
131,21:00:00,21:00:00,10,2,,1,0,
132,11:45:00,11:45:00,4,1,,0,1,
132,12:00:00,12:00:00,3,2,,0,1,
132,12:30:00,12:30:00,7,3,,0,0,
132,14:00:00,14:00:00,9,4,,0,0,
132,15:00:00,15:00:00,10,5,,1,0,
133,16:45:00,16:45:00,4,1,,0,1,
133,17:00:00,17:00:00,3,2,,0,1,
133,18:30:00,18:30:00,9,3,,0,0,
133,19:30:00,19:30:00,10,4,,1,0,
134,19:45:00,19:45:00,4,1,,0,1,
134,20:00:00,20:00:00,3,2,,0,1,
134,20:30:00,20:30:00,7,3,,0,0,
134,21:45:00,21:45:00,9,4,,0,0,
134,22:45:00,22:45:00,10,5,,1,0,
135,09:15:00,09:15:00,4,1,,0,1,
135,09:30:00,09:30:00,3,2,,0,1,
135,10:00:00,10:00:00,7,3,,0,0,
135,11:30:00,11:30:00,9,4,,0,0,
135,12:30:00,12:30:00,10,5,,1,0,
136,13:30:00,13:30:00,4,1,,0,1,
136,13:45:00,13:45:00,3,2,,0,1,
136,14:15:00,14:15:00,7,3,,0,0,
136,16:00:00,16:00:00,9,4,,0,0,
136,17:00:00,17:00:00,10,5,,1,0,
137,09:10:00,09:10:00,13,1,,0,1,
137,09:40:00,09:40:00,16,2,,0,0,
137,09:45:00,09:45:00,17,3,,0,0,
137,09:55:00,09:55:00,18,4,,0,0,
137,10:00:00,10:00:00,19,5,,0,0,
137,10:05:00,10:05:00,20,6,,0,0,
137,10:20:00,10:20:00,21,7,,0,0,
137,10:25:00,10:25:00,22,8,,0,0,
137,10:40:00,10:40:00,23,9,,0,0,
137,11:05:00,11:05:00,12,10,,0,0,
137,11:45:00,11:45:00,9,11,,0,0,
137,13:15:00,13:15:00,7,12,,0,0,
137,13:40:00,13:40:00,3,13,,1,0,
137,13:45:00,13:45:00,4,14,,1,0,
138,06:30:00,06:30:00,13,1,,0,1,
138,07:00:00,07:00:00,16,2,,0,0,
138,07:05:00,07:05:00,17,3,,0,0,
138,07:10:00,07:10:00,18,4,,0,0,
138,07:15:00,07:15:00,19,5,,0,0,
138,07:20:00,07:20:00,20,6,,0,0,
138,07:25:00,07:25:00,21,7,,0,0,
138,07:30:00,07:30:00,22,8,,0,0,
138,07:45:00,07:45:00,23,9,,0,0,
138,08:35:00,08:35:00,12,10,,0,0,
138,09:15:00,09:15:00,9,11,,0,0,
138,10:45:00,10:45:00,7,12,,0,0,
138,11:10:00,11:10:00,3,13,,1,0,
138,11:15:00,11:15:00,4,14,,1,0,
139,15:40:00,15:40:00,13,1,,0,1,
139,16:10:00,16:10:00,16,2,,0,0,
139,16:15:00,16:15:00,17,3,,0,0,
139,16:25:00,16:25:00,18,4,,0,0,
139,16:30:00,16:30:00,19,5,,0,0,
139,16:35:00,16:35:00,20,6,,0,0,
139,16:50:00,16:50:00,21,7,,0,0,
139,16:55:00,16:55:00,22,8,,0,0,
139,17:10:00,17:10:00,23,9,,0,0,
139,17:35:00,17:35:00,12,10,,0,0,
139,18:15:00,18:15:00,9,11,,0,0,
139,19:30:00,19:30:00,7,12,,0,0,
139,20:00:00,20:00:00,3,13,,1,0,
139,20:10:00,20:10:00,4,14,,1,0,
14,20:00:00,20:00:00,9,1,,0,0,
14,21:00:00,21:00:00,10,2,,0,0,
140,09:15:00,09:15:00,4,1,,0,1,
140,09:30:00,09:30:00,3,2,,0,1,
140,10:00:00,10:00:00,7,3,,0,0,
140,11:30:00,11:30:00,9,4,,0,0,
140,12:05:00,12:05:00,12,5,,0,0,
140,12:30:00,12:30:00,23,6,,0,0,
140,12:55:00,12:55:00,22,7,,0,0,
140,13:00:00,13:00:00,21,8,,0,0,
140,13:15:00,13:15:00,20,9,,0,0,
140,13:20:00,13:20:00,19,10,,0,0,
140,13:25:00,13:25:00,18,11,,0,0,
140,13:35:00,13:35:00,17,12,,0,0,
140,13:40:00,13:40:00,16,13,,0,0,
140,14:10:00,14:10:00,13,14,,1,0,
141,11:45:00,11:45:00,4,1,,0,1,
141,12:00:00,12:00:00,3,2,,0,1,
141,12:30:00,12:30:00,7,3,,0,0,
141,14:00:00,14:00:00,9,4,,0,0,
141,14:35:00,14:35:00,12,5,,0,0,
141,15:00:00,15:00:00,23,6,,0,0,
141,15:20:00,15:20:00,22,7,,0,0,
141,15:25:00,15:25:00,21,8,,0,0,
141,15:45:00,15:45:00,20,9,,0,0,
141,15:50:00,15:50:00,19,10,,0,0,
141,15:55:00,15:55:00,18,11,,0,0,
141,16:05:00,16:05:00,17,12,,0,0,
141,16:10:00,16:10:00,16,13,,0,0,
141,16:40:00,16:40:00,13,14,,1,0,
142,14:30:00,14:30:00,4,1,,0,1,
142,14:45:00,14:45:00,3,2,,0,1,
142,15:15:00,15:15:00,7,3,,0,0,
142,17:00:00,17:00:00,9,4,,0,0,
142,17:35:00,17:35:00,12,5,,0,0,
142,18:00:00,18:00:00,23,6,,0,0,
142,18:20:00,18:20:00,22,7,,0,0,
142,18:25:00,18:25:00,21,8,,0,0,
142,18:45:00,18:45:00,20,9,,0,0,
142,18:50:00,18:50:00,19,10,,0,0,
142,18:55:00,18:55:00,18,11,,0,0,
142,19:05:00,19:05:00,17,12,,0,0,
142,19:10:00,19:10:00,16,13,,0,0,
142,19:40:00,19:40:00,13,14,,1,0,
15,10:15:00,10:15:00,10,1,,0,0,
15,11:15:00,11:15:00,9,2,,0,0,
15,12:45:00,12:45:00,7,3,,0,0,
15,13:10:00,13:10:00,3,4,,0,0,
15,13:15:00,13:15:00,4,5,,0,0,
16,16:15:00,16:15:00,10,1,,0,0,
16,17:15:00,17:15:00,9,2,,0,0,
16,18:30:00,18:30:00,7,3,,0,0,
16,19:00:00,19:00:00,3,4,,0,0,
16,19:10:00,19:10:00,4,5,,0,0,
17,09:15:00,09:15:00,4,1,,0,0,
17,09:30:00,09:30:00,3,2,,0,0,
17,10:00:00,10:00:00,7,3,,0,0,
17,11:30:00,11:30:00,9,4,,0,0,
17,12:30:00,12:30:00,10,5,,0,0,
18,13:45:00,13:45:00,4,1,,0,0,
18,14:00:00,14:00:00,3,2,,0,0,
18,14:30:00,14:30:00,7,3,,0,0,
18,16:00:00,16:00:00,9,4,,0,0,
18,17:00:00,17:00:00,10,5,,0,0,
19,07:15:00,07:15:00,10,1,,0,0,
19,08:15:00,08:15:00,9,2,,0,0,
2,14:40:00,14:40:00,13,1,,0,0,
2,15:10:00,15:10:00,16,2,,0,0,
2,15:15:00,15:15:00,17,3,,0,0,
2,15:25:00,15:25:00,18,4,,0,0,
2,15:30:00,15:30:00,19,5,,0,0,
2,15:35:00,15:35:00,20,6,,0,0,
2,15:50:00,15:50:00,21,7,,0,0,
2,15:55:00,15:55:00,22,8,,0,0,
2,16:20:00,16:20:00,23,9,,0,0,
2,16:40:00,16:40:00,12,10,,0,0,
2,17:15:00,17:15:00,9,11,,0,0,
2,18:30:00,18:30:00,7,12,,0,0,
2,19:00:00,19:00:00,3,13,,0,0,
2,19:10:00,19:10:00,4,14,,0,0,
20,19:15:00,19:15:00,10,1,,0,0,
20,20:15:00,20:15:00,9,2,,0,0,
21,05:45:00,05:45:00,10,1,,0,0,
21,06:45:00,06:45:00,9,2,,0,0,
21,08:40:00,08:40:00,3,3,,0,0,
21,08:45:00,08:45:00,4,4,,0,0,
22,14:15:00,14:15:00,10,1,,0,0,
22,15:15:00,15:15:00,9,2,,0,0,
22,16:30:00,16:30:00,7,3,,0,0,
22,17:00:00,17:00:00,3,4,,0,0,
22,17:15:00,17:15:00,4,5,,0,0,
23,09:00:00,09:00:00,9,1,,0,0,
23,10:00:00,10:00:00,10,2,,0,0,
24,21:00:00,21:00:00,9,1,,0,0,
24,22:00:00,22:00:00,10,2,,0,0,
25,11:45:00,11:45:00,4,1,,0,0,
25,12:00:00,12:00:00,3,2,,0,0,
25,12:30:00,12:30:00,7,3,,0,0,
25,14:00:00,14:00:00,9,4,,0,0,
25,15:00:00,15:00:00,10,5,,0,0,
26,17:45:00,17:45:00,4,1,,0,0,
26,18:00:00,18:00:00,3,2,,0,0,
26,19:30:00,19:30:00,9,3,,0,0,
26,20:30:00,20:30:00,10,4,,0,0,
27,20:45:00,20:45:00,4,1,,0,0,
27,21:00:00,21:00:00,3,2,,0,0,
27,21:30:00,21:30:00,7,3,,0,0,
27,22:45:00,22:45:00,9,4,,0,0,
27,23:45:00,23:45:00,10,5,,0,0,
28,07:15:00,07:15:00,22,1,,0,0,
28,08:15:00,08:15:00,10,2,,0,0,
28,09:15:00,09:15:00,9,3,,0,0,
28,10:30:00,10:30:00,7,4,,0,0,
28,11:00:00,11:00:00,3,5,,0,0,
28,11:10:00,11:10:00,4,6,,0,0,
29,09:40:00,09:40:00,13,1,,0,0,
29,10:10:00,10:10:00,16,2,,0,0,
29,10:15:00,10:15:00,17,3,,0,0,
29,10:25:00,10:25:00,18,4,,0,0,
29,10:30:00,10:30:00,19,5,,0,0,
29,10:35:00,10:35:00,20,6,,0,0,
29,10:50:00,10:50:00,21,7,,0,0,
29,10:55:00,10:55:00,22,8,,0,0,
29,11:10:00,11:10:00,23,9,,0,0,
29,11:40:00,11:40:00,12,10,,0,0,
29,12:15:00,12:15:00,9,11,,0,0,
29,13:45:00,13:45:00,7,12,,0,0,
29,14:10:00,14:10:00,3,13,,0,0,
29,14:15:00,14:15:00,4,14,,0,0,
3,09:15:00,09:15:00,4,1,,0,0,
3,09:30:00,09:30:00,3,2,,0,0,
3,10:00:00,10:00:00,7,3,,0,0,
3,11:30:00,11:30:00,9,4,,0,0,
3,12:05:00,12:05:00,12,5,,0,0,
3,12:30:00,12:30:00,23,6,,0,0,
3,12:55:00,12:55:00,22,7,,0,0,
3,13:00:00,13:00:00,21,8,,0,0,
3,13:15:00,13:15:00,20,9,,0,0,
3,13:20:00,13:20:00,19,10,,0,0,
3,13:25:00,13:25:00,18,11,,0,0,
3,13:35:00,13:35:00,17,12,,0,0,
3,13:40:00,13:40:00,16,13,,0,0,
3,14:10:00,14:10:00,13,14,,0,0,
30,15:40:00,15:40:00,13,1,,0,0,
30,16:10:00,16:10:00,16,2,,0,0,
30,16:15:00,16:15:00,17,3,,0,0,
30,16:25:00,16:25:00,18,4,,0,0,
30,16:30:00,16:30:00,19,5,,0,0,
30,16:35:00,16:35:00,20,6,,0,0,
30,16:50:00,16:50:00,21,7,,0,0,
30,16:55:00,16:55:00,22,8,,0,0,
30,17:10:00,17:10:00,23,9,,0,0,
30,17:35:00,17:35:00,12,10,,0,0,
30,18:15:00,18:15:00,9,11,,0,0,
30,19:30:00,19:30:00,7,12,,0,0,
30,20:00:00,20:00:00,3,13,,0,0,
30,20:10:00,20:10:00,4,14,,0,0,
31,09:15:00,09:15:00,4,1,,0,0,
31,09:30:00,09:30:00,3,2,,0,0,
31,10:00:00,10:00:00,7,3,,0,0,
31,11:30:00,11:30:00,9,4,,0,0,
31,12:05:00,12:05:00,12,5,,0,0,
31,12:30:00,12:30:00,23,6,,0,0,
31,12:55:00,12:55:00,22,7,,0,0,
31,13:00:00,13:00:00,21,8,,0,0,
31,13:15:00,13:15:00,20,9,,0,0,
31,13:20:00,13:20:00,19,10,,0,0,
31,13:25:00,13:25:00,18,11,,0,0,
31,13:35:00,13:35:00,17,12,,0,0,
31,13:40:00,13:40:00,16,13,,0,0,
31,14:10:00,14:10:00,13,14,,0,0,
32,14:45:00,14:45:00,4,1,,0,0,
32,15:00:00,15:00:00,3,2,,0,0,
32,15:30:00,15:30:00,7,3,,0,0,
32,17:00:00,17:00:00,9,4,,0,0,
32,17:35:00,17:35:00,12,5,,0,0,
32,18:00:00,18:00:00,23,6,,0,0,
32,18:20:00,18:20:00,22,7,,0,0,
32,18:25:00,18:25:00,21,8,,0,0,
32,18:45:00,18:45:00,20,9,,0,0,
32,18:50:00,18:50:00,19,10,,0,0,
32,18:55:00,18:55:00,18,11,,0,0,
32,19:05:00,19:05:00,17,12,,0,0,
32,19:10:00,19:10:00,16,13,,0,0,
32,19:40:00,19:40:00,13,14,,0,0,
33,11:15:00,11:15:00,10,1,,0,0,
33,12:15:00,12:15:00,9,2,,0,0,
33,13:30:00,13:30:00,7,3,,0,0,
33,14:00:00,14:00:00,3,4,,0,0,
33,14:15:00,14:15:00,4,5,,0,0,
34,17:15:00,17:15:00,10,1,,0,0,
34,18:15:00,18:15:00,9,2,,0,0,
34,19:30:00,19:30:00,7,3,,0,0,
34,20:00:00,20:00:00,3,4,,0,0,
34,20:10:00,20:10:00,4,5,,0,0,
35,09:15:00,09:15:00,4,1,,0,0,
35,09:30:00,09:30:00,3,2,,0,0,
35,10:00:00,10:00:00,7,3,,0,0,
35,11:30:00,11:30:00,9,4,,0,0,
35,12:30:00,12:30:00,10,5,,0,0,
36,14:45:00,14:45:00,4,1,,0,0,
36,15:00:00,15:00:00,3,2,,0,0,
36,15:30:00,15:30:00,7,3,,0,0,
36,17:00:00,17:00:00,9,4,,0,0,
36,18:00:00,18:00:00,10,5,,0,0,
37,09:15:00,09:15:00,4,1,,0,0,
37,09:30:00,09:30:00,3,2,,0,1,
37,10:00:00,10:00:00,7,3,,0,0,
37,11:30:00,11:30:00,9,4,,0,0,
37,12:05:00,12:05:00,12,5,,0,0,
37,12:30:00,12:30:00,23,6,,0,0,
37,12:55:00,12:55:00,22,7,,0,0,
37,13:00:00,13:00:00,21,8,,0,0,
37,13:15:00,13:15:00,20,9,,0,0,
37,13:20:00,13:20:00,19,10,,0,0,
37,13:25:00,13:25:00,18,11,,0,0,
37,13:35:00,13:35:00,17,12,,0,0,
37,13:40:00,13:40:00,16,13,,0,0,
37,14:10:00,14:10:00,13,14,,0,0,
38,13:45:00,13:45:00,4,1,,0,0,
38,14:00:00,14:00:00,3,2,,0,1,
38,14:30:00,14:30:00,7,3,,0,0,
38,16:00:00,16:00:00,9,4,,0,0,
38,16:35:00,16:35:00,12,5,,0,0,
38,17:00:00,17:00:00,23,6,,0,0,
38,17:25:00,17:25:00,22,7,,0,0,
38,17:30:00,17:30:00,21,8,,0,0,
38,17:45:00,17:45:00,20,9,,0,0,
38,17:50:00,17:50:00,19,10,,0,0,
38,17:55:00,17:55:00,18,11,,0,0,
38,18:05:00,18:05:00,17,12,,0,0,
38,18:10:00,18:10:00,16,13,,0,0,
38,18:40:00,18:40:00,13,14,,0,0,
39,08:40:00,08:40:00,13,1,,0,0,
39,09:10:00,09:10:00,16,2,,0,0,
39,09:15:00,09:15:00,17,3,,0,0,
39,09:25:00,09:25:00,18,4,,0,0,
39,09:30:00,09:30:00,19,5,,0,0,
39,09:35:00,09:35:00,20,6,,0,0,
39,09:50:00,09:50:00,21,7,,0,0,
39,09:55:00,09:55:00,22,8,,0,0,
39,10:15:00,10:15:00,23,9,,0,0,
39,10:40:00,10:40:00,12,10,,0,0,
39,11:15:00,11:15:00,9,11,,0,0,
39,12:45:00,12:45:00,7,12,,0,0,
39,13:10:00,13:10:00,3,13,,1,0,
39,13:15:00,13:15:00,4,14,,0,0,
4,13:45:00,13:45:00,4,1,,0,0,
4,14:00:00,14:00:00,3,2,,0,0,
4,14:30:00,14:30:00,7,3,,0,0,
4,16:00:00,16:00:00,9,4,,0,0,
4,16:35:00,16:35:00,12,5,,0,0,
4,17:00:00,17:00:00,23,6,,0,0,
4,17:25:00,17:25:00,22,7,,0,0,
4,17:30:00,17:30:00,21,8,,0,0,
4,17:45:00,17:45:00,20,9,,0,0,
4,17:50:00,17:50:00,19,10,,0,0,
4,17:55:00,17:55:00,18,11,,0,0,
4,18:05:00,18:05:00,17,12,,0,0,
4,18:10:00,18:10:00,16,13,,0,0,
4,18:40:00,18:40:00,13,14,,0,0,
40,14:40:00,14:40:00,13,1,,0,0,
40,15:10:00,15:10:00,16,2,,0,0,
40,15:15:00,15:15:00,17,3,,0,0,
40,15:25:00,15:25:00,18,4,,0,0,
40,15:30:00,15:30:00,19,5,,0,0,
40,15:35:00,15:35:00,20,6,,0,0,
40,15:50:00,15:50:00,21,7,,0,0,
40,15:55:00,15:55:00,22,8,,0,0,
40,16:15:00,16:15:00,23,9,,0,0,
40,16:40:00,16:40:00,12,10,,0,0,
40,17:15:00,17:15:00,9,11,,0,0,
40,18:30:00,18:30:00,7,12,,0,0,
40,19:00:00,19:00:00,3,13,,1,0,
40,19:10:00,19:10:00,4,14,,0,0,
41,05:45:00,05:45:00,10,1,,0,0,
41,06:45:00,06:45:00,9,2,,0,0,
41,08:40:00,08:40:00,3,3,,1,0,
41,08:45:00,08:45:00,4,4,,0,0,
42,08:15:00,08:15:00,10,1,,0,0,
42,09:15:00,09:15:00,9,2,,0,0,
42,10:45:00,10:45:00,7,3,,0,0,
42,11:10:00,11:10:00,3,4,,1,0,
42,11:15:00,11:15:00,4,5,,0,0,
43,10:15:00,10:15:00,10,1,,0,0,
43,11:15:00,11:15:00,9,2,,0,0,
43,12:45:00,12:45:00,7,3,,0,0,
43,13:10:00,13:10:00,3,4,,1,0,
43,13:15:00,13:15:00,4,5,,0,0,
44,13:15:00,13:15:00,10,1,,0,0,
44,14:15:00,14:15:00,9,2,,0,0,
44,15:45:00,15:45:00,7,3,,0,0,
44,16:10:00,16:10:00,3,4,,1,0,
44,16:15:00,16:15:00,4,5,,0,0,
45,16:15:00,16:15:00,10,1,,0,0,
45,17:15:00,17:15:00,9,2,,0,0,
45,18:30:00,18:30:00,7,3,,0,0,
45,19:00:00,19:00:00,3,4,,1,0,
45,19:10:00,19:10:00,4,5,,0,0,
46,07:15:00,07:15:00,10,1,,0,0,
46,08:15:00,08:15:00,9,2,,0,0,
47,18:15:00,18:15:00,10,1,,0,0,
47,19:15:00,19:15:00,9,2,,0,0,
48,09:00:00,09:00:00,9,1,,0,0,
48,10:00:00,10:00:00,10,2,,0,0,
49,09:15:00,09:15:00,4,1,,0,0,
49,09:30:00,09:30:00,3,2,,0,1,
49,10:00:00,10:00:00,7,3,,0,0,
49,11:30:00,11:30:00,9,4,,0,0,
49,12:30:00,12:30:00,10,5,,0,0,
5,07:15:00,07:15:00,10,1,,0,0,
5,08:15:00,08:15:00,9,2,,0,0,
50,11:45:00,11:45:00,4,1,,0,0,
50,12:00:00,12:00:00,3,2,,0,1,
50,12:30:00,12:30:00,7,3,,0,0,
50,14:00:00,14:00:00,9,4,,0,0,
50,15:00:00,15:00:00,10,5,,0,0,
51,13:45:00,13:45:00,4,1,,0,0,
51,14:00:00,14:00:00,3,2,,0,1,
51,14:30:00,14:30:00,7,3,,0,0,
51,16:00:00,16:00:00,9,4,,0,0,
51,17:00:00,17:00:00,10,5,,0,0,
52,16:45:00,16:45:00,4,1,,0,0,
52,17:00:00,17:00:00,3,2,,0,1,
52,18:30:00,18:30:00,9,3,,0,0,
52,19:30:00,19:30:00,10,4,,0,0,
53,19:45:00,19:45:00,4,1,,0,0,
53,20:00:00,20:00:00,3,2,,0,1,
53,20:30:00,20:30:00,7,3,,0,0,
53,21:45:00,21:45:00,9,4,,0,0,
53,22:45:00,22:45:00,10,5,,0,0,
54,20:00:00,20:00:00,9,1,,0,0,
54,21:00:00,21:00:00,10,2,,0,0,
55,07:15:00,07:15:00,22,1,,0,0,
55,07:35:00,07:35:00,1,2,,0,0,
55,08:15:00,08:15:00,10,3,,0,0,
55,09:15:00,09:15:00,9,4,,0,0,
55,10:30:00,10:30:00,7,5,,0,0,
55,11:00:00,11:00:00,3,6,,1,0,
55,11:10:00,11:10:00,4,7,,0,0,
56,05:45:00,05:45:00,10,1,,0,0,
56,06:45:00,06:45:00,9,2,,0,0,
56,08:40:00,08:40:00,3,3,,1,0,
56,08:45:00,08:45:00,4,4,,0,0,
57,07:15:00,07:15:00,10,1,,0,0,
57,08:15:00,08:15:00,9,2,,0,0,
58,11:45:00,11:45:00,10,1,,0,0,
58,12:45:00,12:45:00,9,2,,0,0,
59,19:15:00,19:15:00,10,1,,0,0,
59,20:15:00,20:15:00,9,2,,0,0,
6,18:15:00,18:15:00,10,1,,0,0,
6,19:15:00,19:15:00,9,2,,0,0,
60,14:15:00,14:15:00,10,1,,0,0,
60,15:15:00,15:15:00,9,2,,0,0,
60,16:30:00,16:30:00,7,3,,0,0,
60,17:00:00,17:00:00,3,4,,1,0,
60,17:15:00,17:15:00,4,5,,0,0,
61,09:10:00,09:10:00,13,1,,0,0,
61,09:40:00,09:40:00,16,2,,0,0,
61,09:45:00,09:45:00,17,3,,0,0,
61,09:55:00,09:55:00,18,4,,0,0,
61,10:00:00,10:00:00,19,5,,0,0,
61,10:05:00,10:05:00,20,6,,0,0,
61,10:20:00,10:20:00,21,7,,0,0,
61,10:25:00,10:25:00,22,8,,0,0,
61,10:40:00,10:40:00,23,9,,0,0,
61,11:05:00,11:05:00,12,10,,0,0,
61,11:45:00,11:45:00,9,11,,0,0,
61,13:15:00,13:15:00,7,12,,0,0,
61,13:40:00,13:40:00,3,13,,1,0,
61,13:45:00,13:45:00,4,14,,0,0,
62,15:40:00,15:40:00,13,1,,0,0,
62,16:10:00,16:10:00,16,2,,0,0,
62,16:15:00,16:15:00,17,3,,0,0,
62,16:25:00,16:25:00,18,4,,0,0,
62,16:30:00,16:30:00,19,5,,0,0,
62,16:35:00,16:35:00,20,6,,0,0,
62,16:50:00,16:50:00,21,7,,0,0,
62,16:55:00,16:55:00,22,8,,0,0,
62,17:10:00,17:10:00,23,9,,0,0,
62,17:35:00,17:35:00,12,10,,0,0,
62,18:15:00,18:15:00,9,11,,0,0,
62,19:30:00,19:30:00,7,12,,0,0,
62,20:00:00,20:00:00,3,13,,1,0,
62,20:10:00,20:10:00,4,14,,0,0,
63,10:45:00,10:45:00,10,1,,0,0,
63,11:45:00,11:45:00,9,2,,0,0,
63,13:15:00,13:15:00,7,3,,0,0,
63,13:40:00,13:40:00,3,4,,1,0,
63,13:45:00,13:45:00,4,5,,0,0,
64,17:15:00,17:15:00,10,1,,0,0,
64,18:15:00,18:15:00,9,2,,0,0,
64,19:30:00,19:30:00,7,3,,0,0,
64,20:00:00,20:00:00,3,4,,1,0,
64,20:10:00,20:10:00,4,5,,0,0,
65,09:00:00,09:00:00,9,1,,0,0,
65,10:00:00,10:00:00,10,2,,0,0,
66,13:00:00,13:00:00,9,1,,0,0,
66,14:00:00,14:00:00,10,2,,0,0,
67,21:00:00,21:00:00,9,1,,0,0,
67,22:00:00,22:00:00,10,2,,0,0,
68,11:45:00,11:45:00,4,1,,0,0,
68,12:00:00,12:00:00,3,2,,0,1,
68,12:30:00,12:30:00,7,3,,0,0,
68,14:00:00,14:00:00,9,4,,0,0,
68,15:00:00,15:00:00,10,5,,0,0,
69,17:45:00,17:45:00,4,1,,0,0,
69,18:00:00,18:00:00,3,2,,0,1,
69,19:30:00,19:30:00,9,3,,0,0,
69,20:30:00,20:30:00,10,4,,0,0,
7,05:45:00,05:45:00,10,1,,0,0,
7,06:45:00,06:45:00,9,2,,0,0,
7,08:40:00,08:40:00,3,3,,0,0,
7,08:45:00,08:45:00,4,4,,0,0,
70,20:45:00,20:45:00,4,1,,0,0,
70,21:00:00,21:00:00,3,2,,0,1,
70,21:30:00,21:30:00,7,3,,0,0,
70,22:45:00,22:45:00,9,4,,0,0,
70,23:45:00,23:45:00,10,5,,0,0,
71,09:15:00,09:15:00,4,1,,0,0,
71,09:30:00,09:30:00,3,2,,0,1,
71,10:00:00,10:00:00,7,3,,0,0,
71,11:30:00,11:30:00,9,4,,0,0,
71,12:05:00,12:05:00,12,5,,0,0,
71,12:30:00,12:30:00,23,6,,0,0,
71,12:55:00,12:55:00,22,7,,0,0,
71,13:00:00,13:00:00,21,8,,0,0,
71,13:15:00,13:15:00,20,9,,0,0,
71,13:20:00,13:20:00,19,10,,0,0,
71,13:25:00,13:25:00,18,11,,0,0,
71,13:35:00,13:35:00,17,12,,0,0,
71,13:40:00,13:40:00,16,13,,0,0,
71,14:10:00,14:10:00,13,14,,0,0,
72,14:30:00,14:30:00,4,1,,0,0,
72,14:35:00,14:45:00,3,2,,0,1,
72,15:15:00,15:15:00,7,3,,0,0,
72,17:00:00,17:00:00,9,4,,0,0,
72,17:35:00,17:35:00,12,5,,0,0,
72,18:00:00,18:00:00,23,6,,0,0,
72,18:20:00,18:20:00,22,7,,0,0,
72,18:25:00,18:25:00,21,8,,0,0,
72,18:45:00,18:45:00,20,9,,0,0,
72,18:50:00,18:50:00,19,10,,0,0,
72,18:55:00,18:55:00,18,11,,0,0,
72,19:05:00,19:05:00,17,12,,0,0,
72,19:10:00,19:10:00,16,13,,0,0,
72,19:40:00,19:40:00,13,14,,0,0,
73,05:45:00,05:45:00,10,1,,0,1,
73,06:45:00,06:45:00,9,2,,0,0,
73,08:40:00,08:40:00,3,3,,0,0,
73,08:45:00,08:45:00,4,4,,1,0,
74,07:15:00,07:15:00,10,1,,0,1,
74,08:15:00,08:15:00,9,2,,1,0,
75,07:15:00,07:15:00,22,1,,0,1,
75,07:30:00,07:30:00,1,2,,0,0,
75,08:15:00,08:15:00,10,3,,0,0,
75,09:15:00,09:15:00,9,4,,0,0,
75,10:45:00,10:45:00,7,5,,0,0,
75,11:10:00,11:10:00,3,6,,1,0,
75,11:15:00,11:15:00,4,7,,1,0,
76,08:10:00,08:10:00,13,1,,0,1,
76,08:40:00,08:40:00,16,2,,0,0,
76,08:45:00,08:45:00,17,3,,0,0,
76,08:55:00,08:55:00,18,4,,0,0,
76,09:00:00,09:00:00,19,5,,0,0,
76,09:05:00,09:05:00,20,6,,0,0,
76,09:20:00,09:20:00,21,7,,0,0,
76,09:25:00,09:25:00,22,8,,0,0,
76,09:50:00,09:50:00,23,9,,0,0,
76,10:10:00,10:10:00,12,10,,0,0,
76,10:45:00,10:45:00,9,11,,0,0,
76,12:15:00,12:15:00,7,12,,0,0,
76,12:40:00,12:40:00,3,13,,1,0,
76,12:45:00,12:45:00,4,14,,1,0,
77,14:40:00,14:40:00,13,1,,0,1,
77,15:10:00,15:10:00,16,2,,0,0,
77,15:15:00,15:15:00,17,3,,0,0,
77,15:25:00,15:25:00,18,4,,0,0,
77,15:30:00,15:30:00,19,5,,0,0,
77,15:35:00,15:35:00,20,6,,0,0,
77,15:50:00,15:50:00,21,7,,0,0,
77,15:55:00,15:55:00,22,8,,0,0,
77,16:20:00,16:20:00,23,9,,0,0,
77,16:40:00,16:40:00,12,10,,0,0,
77,17:15:00,17:15:00,9,11,,0,0,
77,18:30:00,18:30:00,7,12,,0,0,
77,19:00:00,19:00:00,3,13,,1,0,
77,19:10:00,19:10:00,4,14,,1,0,
78,11:15:00,11:15:00,10,1,,0,1,
78,12:15:00,12:15:00,9,2,,1,0,
79,13:15:00,13:15:00,10,1,,0,1,
79,14:15:00,14:15:00,9,2,,0,0,
79,15:45:00,15:45:00,7,3,,0,0,
79,16:10:00,16:10:00,3,4,,1,0,
79,16:15:00,16:15:00,4,5,,1,0,
8,08:15:00,08:15:00,10,1,,0,0,
8,09:15:00,09:15:00,9,2,,0,0,
8,10:45:00,10:45:00,7,3,,0,0,
8,11:10:00,11:10:00,3,4,,0,0,
8,11:15:00,11:15:00,4,5,,0,0,
80,18:15:00,18:15:00,10,1,,0,1,
80,19:15:00,19:15:00,9,2,,1,0,
81,09:00:00,09:00:00,9,1,,0,1,
81,10:00:00,10:00:00,10,2,,1,0,
82,12:30:00,12:30:00,9,1,,0,1,
82,13:30:00,13:30:00,10,2,,1,0,
83,20:00:00,20:00:00,9,1,,0,1,
83,21:00:00,21:00:00,10,2,,1,0,
84,11:45:00,11:45:00,4,1,,0,1,
84,12:00:00,12:00:00,3,2,,0,1,
84,12:30:00,12:30:00,7,3,,0,0,
84,14:00:00,14:00:00,9,4,,0,0,
84,15:00:00,15:00:00,10,5,,1,0,
85,16:45:00,16:45:00,4,1,,0,1,
85,17:00:00,17:00:00,3,2,,0,1,
85,18:30:00,18:30:00,9,3,,0,0,
85,19:30:00,19:30:00,10,4,,1,0,
86,19:45:00,19:45:00,4,1,,0,1,
86,20:00:00,20:00:00,3,2,,0,1,
86,20:30:00,20:30:00,7,3,,0,0,
86,21:45:00,21:45:00,9,4,,0,0,
86,22:45:00,22:45:00,10,5,,1,0,
87,09:15:00,09:15:00,4,1,,0,1,
87,09:30:00,09:30:00,3,2,,0,1,
87,10:00:00,10:00:00,7,3,,0,0,
87,11:30:00,11:30:00,9,4,,0,0,
87,12:05:00,12:05:00,12,5,,0,0,
87,12:30:00,12:30:00,23,6,,0,0,
87,12:55:00,12:55:00,22,7,,0,0,
87,13:00:00,13:00:00,21,8,,0,0,
87,13:15:00,13:15:00,20,9,,0,0,
87,13:20:00,13:20:00,19,10,,0,0,
87,13:25:00,13:25:00,18,11,,0,0,
87,13:35:00,13:35:00,17,12,,0,0,
87,13:40:00,13:40:00,16,13,,1,0,
87,14:10:00,14:10:00,13,14,,0,0,
88,13:30:00,13:30:00,4,1,,0,1,
88,13:45:00,13:45:00,3,2,,0,1,
88,14:15:00,14:15:00,7,3,,0,0,
88,16:00:00,16:00:00,9,4,,0,0,
88,16:35:00,16:35:00,12,5,,0,0,
88,17:00:00,17:00:00,23,6,,0,0,
88,17:25:00,17:25:00,22,7,,0,0,
88,17:30:00,17:30:00,21,8,,0,0,
88,17:45:00,17:45:00,20,9,,0,0,
88,17:50:00,17:50:00,19,10,,0,0,
88,17:55:00,17:55:00,18,11,,0,0,
88,18:05:00,18:05:00,17,12,,0,0,
88,18:10:00,18:10:00,16,13,,0,0,
88,18:40:00,18:40:00,13,14,,1,0,
89,09:45:00,09:45:00,10,1,,0,1,
89,10:45:00,10:45:00,9,2,,0,0,
89,12:15:00,12:15:00,7,3,,0,0,
89,12:40:00,12:40:00,3,4,,1,0,
89,12:45:00,12:45:00,4,5,,1,0,
9,13:15:00,13:15:00,10,1,,0,0,
9,14:15:00,14:15:00,9,2,,0,0,
9,15:45:00,15:45:00,7,3,,0,0,
9,16:10:00,16:10:00,3,4,,0,0,
9,16:15:00,16:15:00,4,5,,0,0,
90,16:15:00,16:15:00,10,1,,0,1,
90,17:15:00,17:15:00,9,2,,0,0,
90,18:30:00,18:30:00,7,3,,0,0,
90,19:00:00,19:00:00,3,4,,1,0,
90,19:10:00,19:10:00,4,5,,1,0,
91,09:15:00,09:15:00,4,1,,0,1,
91,09:30:00,09:30:00,3,2,,0,1,
91,10:00:00,10:00:00,7,3,,0,0,
91,11:30:00,11:30:00,9,4,,0,0,
91,12:30:00,12:30:00,10,5,,1,0,
92,13:30:00,13:30:00,4,1,,0,1,
92,13:45:00,13:45:00,3,2,,0,1,
92,14:15:00,14:15:00,7,3,,0,0,
92,16:00:00,16:00:00,9,4,,0,0,
92,17:00:00,17:00:00,10,5,,1,0,
93,08:30:00,08:30:00,27,1,,0,1,
93,08:35:00,08:35:00,2,2,,0,0,
93,08:40:00,08:40:00,6,3,,0,0,
93,08:50:00,08:50:00,11,4,,0,0,
93,08:55:00,08:55:00,15,5,,0,0,
93,09:05:00,09:05:00,25,6,,0,0,
93,09:15:00,09:15:00,9,7,,0,0,
93,10:45:00,10:45:00,7,8,,0,0,
93,11:10:00,11:10:00,3,9,,0,0,
93,11:15:00,11:15:00,4,10,,1,0,
94,10:00:00,10:00:00,27,1,,0,1,
94,10:05:00,10:05:00,2,2,,0,0,
94,10:10:00,10:10:00,6,3,,0,0,
94,10:20:00,10:20:00,11,4,,0,0,
94,10:25:00,10:25:00,15,5,,0,0,
94,10:35:00,10:35:00,25,6,,0,0,
94,10:45:00,10:45:00,9,7,,0,0,
94,12:15:00,12:15:00,7,8,,0,0,
94,12:40:00,12:40:00,3,9,,0,0,
94,12:45:00,12:45:00,4,10,,1,0,
95,13:15:00,13:15:00,27,1,,0,1,
95,13:20:00,13:20:00,2,2,,0,0,
95,13:25:00,13:25:00,6,3,,0,0,
95,13:35:00,13:35:00,11,4,,0,0,
95,13:40:00,13:40:00,15,5,,0,0,
95,13:50:00,13:50:00,25,6,,0,0,
95,14:15:00,14:15:00,9,7,,0,0,
95,15:45:00,15:45:00,7,8,,0,0,
95,16:10:00,16:10:00,3,9,,0,0,
95,16:15:00,16:15:00,4,10,,1,0,
96,16:30:00,16:30:00,27,1,,0,1,
96,16:35:00,16:35:00,2,2,,0,0,
96,16:40:00,16:40:00,6,3,,0,0,
96,16:50:00,16:50:00,11,4,,0,0,
96,16:55:00,16:55:00,15,5,,0,0,
96,17:05:00,17:05:00,25,6,,0,0,
96,17:15:00,17:15:00,9,7,,0,0,
96,18:30:00,18:30:00,7,8,,0,0,
96,18:55:00,18:55:00,3,9,,0,0,
96,19:00:00,19:00:00,4,10,,1,0,
97,05:45:00,05:45:00,10,1,,0,1,
97,06:45:00,06:45:00,9,2,,0,0,
97,08:40:00,08:40:00,3,3,,1,0,
97,08:45:00,08:45:00,4,4,,1,0,
98,14:15:00,14:15:00,10,1,,0,1,
98,15:15:00,15:15:00,9,2,,0,0,
98,16:30:00,16:30:00,7,3,,0,0,
98,17:00:00,17:00:00,3,4,,1,0,
98,17:15:00,17:15:00,4,5,,1,0,
99,07:15:00,07:15:00,10,1,,0,1,
99,08:15:00,08:15:00,9,2,,1,0,
